Agencia_ID,Semana,TotalSales
1110,3,1296738.8100
1110,4,1385112.3100
1110,5,1345680.1500
1110,6,1239051.4100
1110,7,1297071.9100
1110,8,1345696.3100
1110,9,1365323.1200
1111,3,3635718.8800
1111,4,3688412.4000
1111,5,3525689.2800
1111,6,3176933.2200
1111,7,3280021.2000
1111,8,3375127.6800
1111,9,3388689.0600
1112,3,2463866.4000
1112,4,2547617.6100
1112,5,2445389.6300
1112,6,2242384.6900
1112,7,2233004.2400
1112,8,2322885.7500
1112,9,2336540.1100
1113,3,1865916.6200
1113,4,1888237.9200
1113,5,1723241.6200
1113,6,1478242.8500
1113,7,1655042.3900
1113,8,1696829.6300
1113,9,1786973.2800
1114,3,8647054.5500
1114,4,9371576.6400
1114,5,8770567.2600
1114,6,9038337.7200
1114,7,8877271.8400
1114,8,9075450.6900
1114,9,8640061.1000
1116,3,4300696.6800
1116,4,4433437.6700
1116,5,2962624.4300
1116,6,3737320.9700
1116,7,3837852.9300
1116,8,4060590.5000
1116,9,4121834.4500
1117,3,4172797.5700
1117,4,4108735.4000
1117,5,3831584.1900
1117,6,3704920.3700
1117,7,3620750.9800
1117,8,3708381.4000
1117,9,3772150.2000
1118,3,3546284.7900
1118,4,3620114.2700
1118,5,3447685.1500
1118,6,3275328.2300
1118,7,3358213.3500
1118,8,3419184.7600
1118,9,3388867.9500
1119,3,3335031.7400
1119,4,3309047.3300
1119,5,3095471.8200
1119,6,3035069.9500
1119,7,3082835.9600
1119,8,3087447.0400
1119,9,3072440.2400
1120,3,3831826.4200
1120,4,3876226.6100
1120,5,3647296.3000
1120,6,3426691.8200
1120,7,3435009.1400
1120,8,3490217.8600
1120,9,3550780.5100
1121,3,4386154.2500
1121,4,4641019.7200
1121,5,4438764.9800
1121,6,4079259.8000
1121,7,4048446.2300
1121,8,4129502.4300
1121,9,4175142.6500
1122,3,3955363.7300
1122,4,4138439.1100
1122,5,3879377.6500
1122,6,3764792.4900
1122,7,3876541.0100
1122,8,3794512.3700
1122,9,3713558.3000
1123,3,4366111.8300
1123,4,4341218.6400
1123,5,4190474.6300
1123,6,3860423.2300
1123,7,3995352.4600
1123,8,4049102.7900
1123,9,3975267.5800
1124,3,2914285.6700
1124,4,3603570.1900
1124,5,1092634.2700
1124,6,3092975.4700
1124,7,3283843.8800
1124,8,3482276.2900
1124,9,3403290.1200
1126,3,4776229.0400
1126,4,4640106.7100
1126,5,4183116.0800
1126,6,4143088.8300
1126,7,4289713.8500
1126,8,4495532.7200
1126,9,4419541.3500
1127,3,2939575.0500
1127,4,2916921.1200
1127,5,2755633.5600
1127,6,1914797.5200
1127,7,2497140.1000
1127,8,2759446.3700
1127,9,2665532.1300
1129,3,9493177.9600
1129,4,9766771.2600
1129,5,9361548.7300
1129,6,9488264.6200
1129,7,9337743.5200
1129,8,9493525.9500
1129,9,9222753.8200
1130,3,3256015.2700
1130,4,3209996.9200
1130,5,3022326.1900
1130,6,2857983.1900
1130,7,2794423.7100
1130,8,2684701.3800
1130,9,2756985.2900
1137,3,3249289.4600
1137,4,3266878.6300
1137,5,3129758.9700
1137,6,2909731.8800
1137,7,2934033.2100
1137,8,3072868.3400
1137,9,2473019.5500
1138,3,3023343.5800
1138,4,3156697.7400
1138,5,2980851.2200
1138,6,2807503.0800
1138,7,2779838.2600
1138,8,2968304.0600
1138,9,3010387.0100
1139,3,1000772.3800
1139,4,971198.5100
1139,5,943509.2400
1139,6,878270.4900
1139,7,948120.2400
1139,8,944484.6500
1139,9,902077.0400
1140,3,3009348.2300
1140,4,1090582.2700
1140,5,1570305.7000
1140,6,2245283.8300
1140,7,2555935.2200
1140,8,2761195.4300
1140,9,2687677.0600
1142,3,8726968.2400
1142,4,9277706.1100
1142,5,8807571.1100
1142,6,9257140.4200
1142,7,8883074.5900
1142,8,8681310.0800
1142,9,8435796.4200
1143,3,786763.6700
1143,4,899157.4800
1143,5,946555.9700
1143,6,875434.1900
1143,7,1060793.5800
1143,8,1084599.4500
1143,9,1065984.8200
1146,3,864456.0400
1146,4,852187.9500
1146,5,801344.6900
1146,6,746024.8100
1146,7,712980.8600
1146,8,715906.0200
1146,9,765287.8500
1147,3,541059.6600
1147,4,542168.4600
1147,5,515621.6800
1147,6,512634.6700
1147,7,500676.7400
1147,8,527492.0900
1147,9,528160.6100
1150,3,1861418.4100
1150,4,1892385.0600
1150,5,1893672.9000
1150,6,1611527.2100
1150,7,1556121.2800
1150,8,1663240.5600
1150,9,1722975.1400
1152,3,1188611.5600
1152,4,1208687.1000
1152,5,1167507.8900
1152,6,943562.8300
1152,7,982661.3000
1152,8,1037428.9000
1152,9,1032907.8600
1153,3,3240445.5100
1153,4,3215824.4800
1153,5,2969598.8100
1153,6,161215.6700
1153,7,2190156.5600
1153,8,2824500.7900
1153,9,2910839.3100
1155,3,356182.5100
1155,4,351096.0500
1155,5,403088.4200
1155,6,309324.5500
1155,7,281852.8900
1155,8,306604.7300
1155,9,315304.6900
1156,3,180630.2900
1156,4,156523.0900
1156,5,137520.8400
1156,6,127616.4300
1156,7,160124.9100
1156,8,151524.8200
1156,9,162735.7200
1159,3,567713.7900
1159,4,600683.9600
1159,5,551004.2600
1159,6,569691.5200
1159,7,572323.2600
1159,8,591455.0800
1159,9,602621.2500
1160,3,1069182.7200
1160,4,337585.4400
1160,5,1461108.9600
1160,6,1033023.8400
1160,7,836184.5600
1160,8,996731.4400
1160,9,893487.3600
1164,3,453899.7400
1164,4,484688.2700
1164,5,479274.7900
1164,6,464645.6100
1164,7,467567.5700
1164,8,511620.6600
1164,9,506633.4400
1165,3,660384.4300
1165,4,697652.9200
1165,5,660124.9400
1165,6,640395.7400
1165,7,663766.3700
1165,8,705441.3600
1165,9,727483.8700
1167,3,1183147.8200
1167,4,901096.3200
1167,5,1232311.8100
1167,6,1312262.7400
1167,7,1228995.7400
1167,8,659653.7500
1167,9,886968.2400
1168,3,6345930.4100
1168,4,6899822.4500
1168,5,6579466.9800
1168,6,7001076.1400
1168,7,6729780.1500
1168,8,6703580.9300
1168,9,6480133.5600
1170,3,303968.2800
1170,4,339491.3000
1170,5,355731.8300
1170,6,298414.3300
1170,7,291741.0000
1170,8,312015.3300
1170,9,326937.9100
1171,3,162068.1600
1171,4,168002.1100
1171,5,148692.7600
1171,6,151027.5400
1171,7,143857.8500
1171,8,158572.6900
1171,9,170042.9500
1172,3,201364.5400
1172,4,231223.7400
1172,5,225153.3800
1172,6,180193.9400
1172,7,191131.6300
1172,8,180744.0700
1172,9,186378.1400
1173,3,391702.7400
1173,4,386665.2300
1173,5,357917.6500
1173,6,367274.7100
1173,7,329344.8400
1173,8,383437.2100
1173,9,371151.7000
1176,3,423316.3900
1176,4,450746.4400
1176,5,422669.0000
1176,6,440292.4900
1176,7,409937.9500
1176,8,404152.7900
1176,9,430095.6800
1177,3,393807.9500
1177,4,417058.6800
1177,5,375459.3500
1177,6,380750.2000
1177,7,385939.5500
1177,8,433149.6200
1177,9,446642.0500
1210,3,1075065.9800
1210,4,1142445.7800
1210,5,1084343.0800
1210,6,1045077.8900
1210,7,1064281.8900
1210,8,1102447.9000
1210,9,1183960.9000
1211,3,1755006.0300
1211,4,1858770.9300
1211,5,1833747.1400
1211,6,1748462.9000
1211,7,1784101.5400
1211,8,1820023.2300
1211,9,1812822.4400
1212,3,2574942.5600
1212,4,2614289.6300
1212,5,2510896.5400
1212,6,2280971.9100
1212,7,2228174.0000
1212,8,2361538.5800
1212,9,2370210.8300
1213,3,2651688.8700
1213,4,2624118.9900
1213,5,2363454.2900
1213,6,2296871.3000
1213,7,2199385.1800
1213,8,2350435.1400
1213,9,2398764.8900
1215,3,2626374.4700
1215,4,2644329.5700
1215,5,2472097.6000
1215,6,2202920.3100
1215,7,2229014.0100
1215,8,2463539.8300
1215,9,2385315.8900
1216,3,1879971.9000
1216,4,1936063.0500
1216,5,1850983.3800
1216,6,1592712.5700
1216,7,1486133.4800
1216,8,1658950.9400
1216,9,1706538.3100
1217,3,2685534.8600
1217,4,2738725.0500
1217,5,336369.4800
1217,6,2001584.0600
1217,7,2125483.5500
1217,8,2233122.5600
1217,9,2287461.0900
1218,3,2027335.6600
1218,4,2072142.2600
1218,5,1540542.2700
1218,6,1734923.1500
1218,7,1858541.4100
1218,8,1905091.4300
1218,9,1921770.6600
1219,3,3933108.4700
1219,4,3875205.2900
1219,5,3710973.9200
1219,6,2727222.6700
1219,7,3291972.2300
1219,8,3487936.2200
1219,9,3512454.1700
1220,3,4160809.6700
1220,4,4164617.1100
1220,5,3941824.1100
1220,6,3670490.2300
1220,7,3499258.8700
1220,8,3651859.1800
1220,9,3688210.2700
1221,3,1253919.9700
1221,4,1194664.7300
1221,5,1120693.9100
1221,6,840166.1100
1221,7,1053993.5200
1221,8,1076210.2700
1221,9,1104688.5600
1222,3,3868987.1200
1222,4,3844988.3500
1222,5,3608201.7600
1222,6,3168676.4100
1222,7,3261466.8600
1222,8,3460330.4000
1222,9,3568733.8400
1223,3,2994507.0800
1223,4,648013.8700
1223,5,2867364.7800
1223,6,2823634.2600
1223,7,3054704.8500
1223,8,3141523.8700
1223,9,3002160.7900
1224,3,1673542.9100
1224,4,1760936.7100
1224,5,1787735.7100
1224,6,1442545.8400
1224,7,1452201.1400
1224,8,1581904.9200
1224,9,1603425.5300
1227,3,2530694.1100
1227,4,2667458.7700
1227,5,2616985.9800
1227,6,2387565.5100
1227,7,2444048.0400
1227,8,2493463.8900
1227,9,2458533.3700
1228,3,1146596.1900
1228,4,1104691.7900
1228,5,1106393.3300
1228,6,983806.0900
1228,7,1132272.7200
1228,8,1153372.1200
1228,9,1195479.9800
1229,3,710999.5400
1229,4,772781.5100
1229,5,744096.8700
1229,6,667473.4200
1229,7,739990.3200
1229,8,748733.5700
1229,9,787428.7900
1232,3,3253210.8700
1232,4,3326023.5400
1232,5,3285105.5100
1232,6,3026830.5800
1232,7,3227068.4700
1232,8,3362118.5000
1232,9,3311344.6600
1235,3,1779945.6900
1235,4,1820037.4400
1235,5,1748254.5000
1235,6,1664696.0200
1235,7,1811431.0000
1235,8,1712455.4700
1235,9,1639542.2100
1236,3,2258170.2500
1236,4,2197799.8600
1236,5,2291806.2200
1236,6,2041569.9100
1236,7,2133000.6000
1236,8,2148544.2000
1236,9,2077140.5000
1237,3,2110819.4400
1237,4,2132117.9700
1237,5,1997329.8700
1237,6,1849238.9400
1237,7,1955046.6800
1237,8,1934835.1400
1237,9,1794969.5500
1238,3,1009988.4200
1238,4,965359.4800
1238,5,944546.3600
1238,6,896712.0800
1238,7,859262.9400
1238,8,865681.4400
1238,9,868140.2700
1239,3,1584903.6500
1239,4,1593354.3300
1239,5,1550693.9100
1239,6,1547075.5900
1239,7,1490298.5300
1239,8,1505034.7800
1239,9,1541818.7900
1242,3,534813.8600
1242,4,509546.6500
1242,5,495886.5700
1242,6,487975.2200
1242,7,485025.1900
1242,8,473420.7800
1242,9,488798.8900
1243,3,1331769.5000
1243,4,1391651.1900
1243,5,1287240.4400
1243,6,1153616.1400
1243,7,1208848.9800
1243,8,1265070.0700
1243,9,1273840.8400
1245,3,2535784.3000
1245,4,2456593.7800
1245,5,2430335.2200
1245,6,2269368.5300
1245,7,2385917.6800
1245,8,2254329.2700
1245,9,2282927.4500
1250,3,842838.0300
1250,4,810748.1200
1250,5,792126.9200
1250,6,741545.8300
1250,7,763557.9100
1250,8,799098.5200
1250,9,789933.8900
1252,3,850796.9100
1252,4,891364.5400
1252,5,909322.3400
1252,6,749878.1400
1252,7,899292.5700
1252,8,935667.8900
1252,9,942046.1800
1253,3,1259780.9900
1253,4,1193079.3300
1253,5,1235890.1200
1253,6,1093912.4700
1253,7,1320495.5500
1253,8,1292347.3300
1253,9,1350127.1100
1255,3,1722942.8000
1255,4,1701097.9100
1255,5,1718858.5100
1255,6,1517035.9600
1255,7,1739619.4000
1255,8,1825955.3100
1255,9,1832116.8700
1259,3,2080485.2500
1259,4,2222040.8200
1259,5,2117457.7200
1259,6,1989281.4400
1259,7,2178131.0000
1259,8,2266345.3600
1259,9,2280744.3800
1261,3,866716.5900
1261,4,803240.8400
1261,5,802226.6200
1261,6,688678.4700
1261,7,700649.4100
1261,8,695106.0300
1261,9,761654.4900
1262,3,143734.1100
1262,4,134995.0400
1262,5,170760.0500
1262,6,127899.8600
1262,7,124578.6100
1262,8,132701.0200
1262,9,137875.4500
1273,3,430347.6700
1273,4,406420.1900
1273,5,413365.4100
1273,6,406507.3100
1273,7,413847.9000
1273,8,414244.6900
1273,9,464873.1600
1275,3,734289.7800
1275,4,745500.4800
1275,5,779558.8100
1275,6,660134.2900
1275,7,646613.7600
1275,8,693819.2700
1275,9,714317.0100
1276,3,1375039.0500
1276,4,1316848.7900
1276,5,1311000.9200
1276,6,1190638.2800
1276,7,1298440.7900
1276,8,1371706.7500
1276,9,1383494.2500
1279,3,2622560.8500
1279,4,2666868.7200
1279,5,2501365.1900
1279,6,2511688.4200
1279,7,2764091.3200
1279,8,2881767.7100
1279,9,2716028.6700
1281,3,531254.8300
1281,4,548242.8700
1281,5,508452.7300
1281,6,474023.1800
1281,7,532079.7500
1281,8,554477.3300
1281,9,588874.1400
1310,3,3448789.5000
1310,4,3483658.4000
1310,5,3202466.9400
1310,6,3136010.5800
1310,7,3187337.2000
1310,8,3088220.4100
1310,9,3410494.9900
1311,3,3429372.6800
1311,4,3488007.5900
1311,5,3488398.3000
1311,6,3412317.8700
1311,7,3515528.1400
1311,8,3482891.7500
1311,9,3292184.9700
1312,3,4541939.7900
1312,4,4841532.0600
1312,5,4463998.9100
1312,6,3715282.2200
1312,7,4750108.3800
1312,8,4691058.4400
1312,9,4406763.4800
1313,3,536847.5500
1313,4,523331.1600
1313,5,574731.6000
1313,6,562434.1400
1313,7,602741.8500
1313,8,614245.1100
1313,9,633607.1000
1314,3,2097759.4500
1314,4,2065525.4500
1314,5,1913700.6400
1314,6,1879013.1400
1314,7,2098912.9600
1314,8,447437.3800
1314,9,1846840.3800
1315,3,4133144.4300
1315,4,4322231.8300
1315,5,4270759.1200
1315,6,3558031.2100
1315,7,3329858.5400
1315,8,3541258.0700
1315,9,3888719.5700
1330,3,1709709.3700
1330,4,1845610.8800
1330,5,1868543.6300
1330,6,1708643.3200
1330,7,1764500.9400
1330,8,1727528.2900
1330,9,1595801.9100
1331,3,1868311.7900
1331,4,1829945.1300
1331,5,1761705.9700
1331,6,1761724.5500
1331,7,1841447.9200
1331,8,1850408.0900
1331,9,1865573.2300
1332,3,2446937.2500
1332,4,2498893.6400
1332,5,2368429.3500
1332,6,2221329.1500
1332,7,2393454.4400
1332,8,2341154.3000
1332,9,2277317.6400
1333,3,2669695.1600
1333,4,2571255.3300
1333,5,2517867.2200
1333,6,2455046.9300
1333,7,2607069.1900
1333,8,2590014.5500
1333,9,2553199.4800
1334,3,2616447.2400
1334,4,2742566.5800
1334,5,2617098.4000
1334,6,2536796.5600
1334,7,2565221.2200
1334,8,2564053.0500
1334,9,2533896.4800
1335,3,2080323.3300
1335,4,2082251.7400
1335,5,1948698.5100
1335,6,1952916.4400
1335,7,2074784.5100
1335,8,2036410.4700
1335,9,2061883.1300
1336,3,2569148.8100
1336,4,2594412.1000
1336,5,2495722.8600
1336,6,2386993.0000
1336,7,2533426.3000
1336,8,2429770.7800
1336,9,2328555.7500
1337,3,1490448.7800
1337,4,1491177.8800
1337,5,1446775.9200
1337,6,1375516.2400
1337,7,1399502.4600
1337,8,1476740.6600
1337,9,1440381.8800
1338,3,2405554.4400
1338,4,2635576.3600
1338,5,2623496.7900
1338,6,2411680.0700
1338,7,2458173.1000
1338,8,2384577.3900
1338,9,2270302.6600
1339,3,1607789.9900
1339,4,1648200.5500
1339,5,1554758.9500
1339,6,1484052.5000
1339,7,1605444.8600
1339,8,1606344.2100
1339,9,1553175.6000
1340,3,3243235.1400
1340,4,3226133.8400
1340,5,2931531.9400
1340,6,2700454.8700
1340,7,3309733.2100
1340,8,3098131.4900
1340,9,2961356.3900
1341,3,616303.5800
1341,4,600123.6300
1341,5,591191.5300
1341,6,573285.3000
1341,7,616335.7500
1341,8,644483.4000
1341,9,638092.2200
1342,3,1168071.7800
1342,4,1156788.7400
1342,5,1119522.7400
1342,6,1066219.1300
1342,7,1046917.3500
1342,8,1041181.0500
1342,9,860308.9100
1344,3,2232786.7900
1344,4,2203642.7000
1344,5,2077047.8400
1344,6,1860948.8500
1344,7,1613569.1900
1344,8,1170236.2300
1344,9,1901636.7600
1345,3,551214.6100
1345,4,618439.1400
1345,5,643574.0200
1345,6,502315.7000
1345,7,591818.7800
1345,8,524793.5900
1345,9,308153.0900
1346,3,1826349.4600
1346,4,1808567.9700
1346,5,1370750.0200
1346,6,1072737.9800
1346,7,1547555.9600
1346,8,1622775.5300
1346,9,1553757.4500
1347,3,3842278.2700
1347,4,4013507.4200
1347,5,3883906.6000
1347,6,3566583.1700
1347,7,3780085.0900
1347,8,3721045.3700
1347,9,3607775.8300
1348,3,1181713.1500
1348,4,1145667.4800
1348,5,1142133.5300
1348,6,1125133.4600
1348,7,1090063.7200
1348,8,1067628.6100
1348,9,1080551.5500
1349,3,1438088.9800
1349,4,1374075.1700
1349,5,1294137.2100
1349,6,1357320.0700
1349,7,1348025.6900
1349,8,1268164.0200
1349,9,1159164.3500
1350,3,1513488.2600
1350,4,1443470.3100
1350,5,1342296.7200
1350,6,1286282.4200
1350,7,1292470.4500
1350,8,1331264.9000
1350,9,1115152.1400
1351,3,4797543.2100
1351,4,4591832.4100
1351,5,4456939.0700
1351,6,4235389.6500
1351,7,4345446.2100
1351,8,4343675.2800
1351,9,4140191.2200
1353,3,3024647.5800
1353,4,3312860.7500
1353,5,2882276.6100
1353,6,3012330.9400
1353,7,3257632.2700
1353,8,3095894.7300
1353,9,3168954.9600
1354,3,1905908.3100
1354,4,1918228.7200
1354,5,1888868.1000
1354,6,2003859.2800
1354,7,2047879.1600
1354,8,1948555.8800
1354,9,1840503.1800
1355,3,1302469.1300
1355,4,1560123.0400
1355,5,1458090.2000
1355,6,1647608.6100
1355,7,1628944.2500
1355,8,1584860.9400
1355,9,1551160.2000
1356,3,1482881.9100
1356,4,1602885.7500
1356,5,1477173.7000
1356,6,1472621.8600
1356,7,1537923.7200
1356,8,1515857.5700
1356,9,1489198.5500
1357,3,503174.5600
1357,4,574512.4800
1357,5,475025.1200
1357,6,491751.1900
1357,7,496195.6300
1357,8,507273.0100
1357,9,532441.0300
1358,3,302373.4800
1358,4,319555.2600
1358,5,348257.5800
1358,6,334187.5500
1358,7,339569.9600
1358,8,321777.4200
1358,9,330530.1500
1359,3,1072534.3600
1359,4,1130339.1200
1359,5,1036677.4600
1359,6,1091239.2600
1359,7,1044750.1900
1359,8,1065193.6500
1359,9,1119206.5000
1360,3,984324.7600
1360,4,1082925.4800
1360,5,1033515.8200
1360,6,1180092.9400
1360,7,1079173.2800
1360,8,1094214.3700
1360,9,1107548.2000
1361,3,530417.1500
1361,4,502809.3200
1361,5,476626.6800
1361,6,463805.6200
1361,7,524091.6100
1361,8,498727.6100
1361,9,278020.6400
1363,3,617451.0500
1363,4,688291.5700
1363,5,673737.7800
1363,6,670435.3500
1363,7,609596.3400
1363,8,717311.9600
1363,9,684116.5900
1364,3,245540.3000
1364,4,267352.7900
1364,5,220827.0000
1364,6,221745.9800
1364,7,236964.6600
1364,8,247937.7200
1364,9,235213.4700
1366,3,959983.0100
1366,4,917602.9100
1366,5,899483.2500
1366,6,936261.4400
1366,7,1054262.2000
1366,8,1001105.1500
1366,9,965521.5700
1367,3,505096.5300
1367,4,567693.3300
1367,5,592145.0300
1367,6,506998.8000
1367,7,519001.1700
1367,8,537832.2700
1367,9,546071.0400
1368,3,550459.0900
1368,4,625218.5100
1368,5,544212.3100
1368,6,498885.9200
1368,7,494141.2400
1368,8,511914.8800
1368,9,511808.8400
1371,3,881042.3200
1371,4,908544.2800
1371,5,907003.3300
1371,6,765375.6400
1371,7,719508.3300
1371,8,284094.1300
1371,9,992810.5400
1372,3,182785.9800
1372,4,219679.1500
1372,5,200121.5900
1372,6,218529.8900
1372,7,212280.5000
1372,8,202173.0700
1372,9,204838.7800
1373,3,420970.1600
1373,4,414686.5700
1373,5,404922.7100
1373,6,403952.2600
1373,7,374784.5900
1373,8,407365.6000
1373,9,376300.4100
1374,3,991598.8600
1374,4,996296.1200
1374,5,998597.8800
1374,6,954904.1700
1374,7,919574.2500
1374,8,936359.0000
1374,9,991406.2200
1375,3,1603112.2400
1375,4,1445524.5900
1375,5,1311131.7700
1375,6,1392925.8700
1375,7,1377512.5700
1375,8,1290785.1700
1375,9,1347927.1300
1376,3,126847.0400
1376,4,169955.2100
1376,5,120902.0600
1376,6,125633.6900
1376,7,136398.5100
1376,8,138216.7500
1376,9,144251.5800
1377,3,711566.5000
1377,4,749218.3100
1377,5,680695.6400
1377,6,563292.7500
1377,7,580281.3700
1377,8,479243.5900
1377,9,476555.5800
1378,3,1347148.4000
1378,4,1290872.1500
1378,5,1229879.0100
1378,6,1224349.6900
1378,7,1379223.1600
1378,8,1296964.8200
1378,9,1267973.2800
1379,3,857872.9400
1379,4,562150.3000
1379,5,1388415.2300
1379,6,1028421.6700
1379,7,1415782.7200
1379,8,804536.4600
1379,9,598081.5500
1380,3,2642918.0000
1380,4,3140447.8100
1380,5,2610849.5800
1380,6,3066430.7600
1380,7,3108058.2500
1380,8,3052908.1300
1380,9,2867454.0200
1381,3,506506.3800
1381,4,618548.1500
1381,5,574856.3700
1381,6,494083.1600
1381,7,485626.4300
1381,8,473829.0600
1381,9,550458.4700
1382,3,897451.5200
1382,4,730065.0400
1382,5,308071.1700
1382,6,749518.1000
1382,7,876014.8600
1382,8,858627.2600
1382,9,908948.3000
1383,3,422361.9700
1383,4,444251.8800
1383,5,432717.9000
1383,6,393165.2200
1383,7,367597.5500
1383,8,361119.2400
1383,9,401308.1600
1384,3,1761533.3500
1384,4,1823106.5300
1384,5,1795662.5200
1384,6,1728313.4900
1384,7,1755293.7000
1384,8,1754336.9300
1384,9,1761072.2100
1385,3,752365.0400
1385,4,716009.1900
1385,5,733215.4000
1385,6,721614.7300
1385,7,692562.8500
1385,8,718597.2600
1385,9,731196.9400
1386,3,442277.4400
1386,4,453623.2800
1386,5,459043.3300
1386,6,397392.0900
1386,7,409665.1600
1386,8,414798.7400
1386,9,423306.4700
1387,3,2301270.5400
1387,4,2337159.0300
1387,5,2158738.2800
1387,6,1972638.8000
1387,7,2085998.0000
1387,8,1704693.8200
1387,9,1147801.3100
1415,3,826785.9400
1415,4,875215.1500
1415,5,883441.7700
1415,6,854904.2200
1415,7,861017.1900
1415,8,835990.2900
1415,9,827250.1700
1419,3,3145306.0800
1419,4,2884305.6400
1419,5,3365684.6200
1419,6,3237161.4600
1419,7,2912893.3800
1419,8,2590809.4500
1419,9,3018028.7600
1420,3,2424636.9400
1420,4,2403488.9900
1420,5,2701214.9300
1420,6,2478070.3100
1420,7,2416741.6300
1420,8,2074554.5100
1420,9,2424815.9200
1423,3,1942288.9100
1423,4,1835782.4800
1423,5,1833452.5900
1423,6,1742108.1000
1423,7,1757601.9500
1423,8,1673214.8300
1423,9,1699793.8500
1427,3,1468399.8400
1427,4,1517535.6400
1427,5,1476530.1800
1427,6,1459148.1200
1427,7,1418173.9800
1427,8,1284808.4800
1427,9,1307883.7000
1430,3,658113.0900
1430,4,673336.8300
1430,5,690442.1100
1430,6,618271.2200
1430,7,681581.0000
1430,8,682855.2300
1430,9,681689.1900
1431,3,1024673.8200
1431,4,1053862.1100
1431,5,1073326.9900
1431,6,1052757.2300
1431,7,1031992.2900
1431,8,1028454.1900
1431,9,1004713.7300
1434,3,218361.0500
1434,4,220576.1200
1434,5,196980.3400
1434,6,204908.6600
1434,7,192756.9400
1434,8,217726.0000
1434,9,193041.2000
1435,3,509034.5600
1435,4,572440.2400
1435,5,551830.4700
1435,6,538198.9700
1435,7,530548.3000
1435,8,578748.1800
1435,9,551691.5900
1436,3,320662.1800
1436,4,295299.3700
1436,5,276992.9400
1436,6,296139.8600
1436,7,295220.7700
1436,8,301847.3300
1436,9,288682.6100
1437,3,973145.7500
1437,4,1000144.2200
1437,5,965978.2000
1437,6,925435.7500
1437,7,928164.2200
1437,8,878774.8800
1437,9,913611.6800
1438,3,449957.4200
1438,4,455500.2700
1438,5,445513.3200
1438,6,427000.7300
1438,7,413767.9700
1438,8,491190.8600
1438,9,480220.3900
1439,3,777055.2100
1439,4,751076.3200
1439,5,764746.1800
1439,6,783020.0400
1439,7,767614.5800
1439,8,712140.5800
1439,9,731988.3700
1441,3,1551528.2200
1441,4,1499814.0500
1441,5,1487466.7200
1441,6,1384141.7900
1441,7,1291964.9200
1441,8,1353691.6300
1441,9,1324234.4600
1442,3,758821.8900
1442,4,687837.5500
1442,5,704812.5200
1442,6,663001.3700
1442,7,698138.4500
1442,8,622475.3500
1442,9,638008.2300
1443,3,496946.4000
1443,4,477218.2300
1443,5,528268.8300
1443,6,496956.9700
1443,7,502865.0300
1443,8,437852.8800
1443,9,473100.0500
1445,3,1876290.6500
1445,4,1884047.2900
1445,5,2127950.5400
1445,6,1997134.6600
1445,7,1698076.5000
1445,8,1829389.0100
1445,9,1805152.8500
1447,3,253455.3500
1447,4,259721.4900
1447,5,229955.2300
1447,6,245022.4100
1447,7,237424.5300
1447,8,256609.9200
1447,9,269404.0400
1448,3,555617.7800
1448,4,587453.1900
1448,5,537718.5600
1448,6,536119.0100
1448,7,551446.7300
1448,8,571928.7300
1448,9,602739.1200
1449,3,448894.2600
1449,4,454910.1900
1449,5,496563.0200
1449,6,430282.5500
1449,7,413615.3500
1449,8,360570.4600
1449,9,419784.8300
1451,3,1993052.4600
1451,4,2060876.8400
1451,5,2026017.8400
1451,6,2012098.1700
1451,7,1879816.3300
1451,8,1837764.6600
1451,9,1864770.2200
1452,3,525995.5800
1452,4,963891.5000
1452,5,380101.6500
1452,6,684248.4800
1452,7,865974.3000
1452,8,1014663.1700
1452,9,846697.9600
1453,3,1681717.5100
1453,4,1602423.9600
1453,5,1908202.6200
1453,6,1753922.3500
1453,7,1815603.2000
1453,8,1524198.9100
1453,9,1614720.0800
1454,3,554251.1200
1454,4,574117.1200
1454,5,594962.9900
1454,6,598487.5200
1454,7,604197.2200
1454,8,589479.3500
1454,9,555181.4500
1455,3,227195.9400
1455,4,229996.6800
1455,5,227898.4100
1455,6,236802.2400
1455,7,229802.7700
1455,8,221930.7300
1455,9,201584.1500
1456,3,373881.0300
1456,4,406230.7700
1456,5,428683.2000
1456,6,385787.3000
1456,7,352267.2800
1456,8,343778.9100
1456,9,339970.6800
1459,3,1963466.6200
1459,4,2068142.5400
1459,5,2041856.1500
1459,6,1974146.9600
1459,7,2023301.4300
1459,8,1965698.9300
1459,9,1989560.9800
1461,3,1380658.8600
1461,4,1414348.1000
1461,5,1404502.3400
1461,6,1365729.7900
1461,7,1340548.7600
1461,8,1295384.6300
1461,9,1272402.3100
1462,3,2054652.6400
1462,4,2091777.6800
1462,5,2060035.9700
1462,6,2095277.1700
1462,7,2123390.2800
1462,8,2107500.1700
1462,9,2066689.1000
1463,3,2477693.1600
1463,4,2541019.8400
1463,5,2592917.4500
1463,6,2473525.6000
1463,7,2390863.0800
1463,8,2407081.3500
1463,9,2381522.7400
1464,3,2031177.1900
1464,4,2437768.8500
1464,5,2056376.2800
1464,6,2108102.0300
1464,7,2154936.3600
1464,8,2109885.0100
1464,9,1884448.1700
1465,3,945422.9200
1465,4,994671.9700
1465,5,900242.4700
1465,6,865503.4600
1465,7,909974.4000
1465,8,958307.9800
1465,9,960959.6200
1469,3,1765646.2900
1469,4,1893349.7000
1469,5,1758898.1800
1469,6,1793505.6400
1469,7,1525185.1900
1469,8,1579754.1800
1469,9,1548986.8500
1470,3,3643401.4200
1470,4,3397093.9400
1470,5,3790215.3000
1470,6,3613576.0500
1470,7,3552299.4600
1470,8,3133374.9800
1470,9,3285563.7100
1471,3,2443440.4500
1471,4,2354628.6400
1471,5,2635371.8300
1471,6,2534599.2100
1471,7,2444157.4600
1471,8,2042050.8700
1471,9,2333806.5300
1472,3,1029557.4900
1472,4,1038825.8500
1472,5,1046106.2200
1472,6,1052014.6700
1472,7,1111777.2500
1472,8,895139.0700
1472,9,943183.0200
1473,3,1334670.8500
1473,4,1278663.8400
1473,5,1432666.8400
1473,6,1339557.5200
1473,7,1353934.6000
1473,8,1197974.2500
1473,9,1229018.4200
1474,3,1289364.8500
1474,4,1146822.1500
1474,5,1184862.4400
1474,6,1096050.0900
1474,7,1076757.8100
1474,8,1053545.1000
1474,9,1109597.8400
1475,3,436305.4300
1475,4,416890.3300
1475,5,433146.3400
1475,6,427820.9200
1475,7,390321.3300
1475,8,386429.9400
1475,9,411838.4300
1476,3,823877.3100
1476,4,831161.6600
1476,5,912982.5400
1476,6,844861.2100
1476,7,806296.1500
1476,8,761696.7800
1476,9,805878.9400
1477,3,1368528.2600
1477,4,1369804.7000
1477,5,1542555.8800
1477,6,1409921.1000
1477,7,1342712.2900
1477,8,1245297.0000
1477,9,1254832.1400
1478,3,829595.0100
1478,4,833151.9600
1478,5,863609.9800
1478,6,854014.1800
1478,7,796889.8100
1478,8,742617.8200
1478,9,769104.3400
1479,3,1141059.7000
1479,4,1100705.7400
1479,5,1196943.0000
1479,6,1085308.9400
1479,7,1107554.7500
1479,8,1058248.2600
1479,9,1208773.8600
1480,3,1064777.5300
1480,4,1123760.4900
1480,5,988721.0200
1480,6,1034715.8200
1480,7,1064073.2400
1480,8,1013303.6300
1480,9,1124224.9300
1481,3,593673.9800
1481,4,615754.3300
1481,5,612668.5600
1481,6,611540.2100
1481,7,666705.7700
1481,8,599508.3800
1481,9,568069.3900
1482,3,745697.8400
1482,4,786035.7000
1482,5,744601.7100
1482,6,730535.7600
1482,7,767019.4200
1482,8,701184.6200
1482,9,720907.0200
1484,3,589360.8300
1484,4,631628.2500
1484,5,523805.7700
1484,6,439311.3400
1484,7,513918.7400
1484,8,519340.5200
1484,9,507237.5100
1491,3,1280065.8400
1491,4,1158339.2100
1491,5,1217625.1500
1491,6,1148101.5400
1491,7,1162857.1800
1491,8,1088435.0900
1491,9,1127787.3800
1492,3,483166.9600
1492,4,415484.0300
1492,5,483270.9700
1492,6,491342.0400
1492,7,434421.5300
1492,8,389737.4200
1492,9,405621.4300
1493,3,831153.4800
1493,4,802774.4200
1493,5,874151.2900
1493,6,841031.0700
1493,7,788643.0400
1493,8,767415.2900
1493,9,779543.8000
1494,3,246812.8300
1494,4,249025.4300
1494,5,250321.9800
1494,6,243236.2700
1494,7,243635.3100
1494,8,264063.6600
1494,9,270494.5700
1495,3,309270.6100
1495,4,278093.4300
1495,5,285223.1000
1495,6,294765.3700
1495,7,310947.5900
1495,8,288119.1400
1495,9,303301.8100
1496,3,351286.0700
1496,4,349746.6200
1496,5,402391.4000
1496,6,361806.0500
1496,7,348576.8800
1496,8,365253.9500
1496,9,343746.3100
1498,3,424189.5200
1498,4,447364.2500
1498,5,424873.2400
1498,6,411259.1300
1498,7,397021.5800
1498,8,446617.7500
1498,9,406190.2500
1499,3,247218.0200
1499,4,187483.0400
1499,5,197418.1800
1499,6,215270.2000
1499,7,225549.4900
1499,8,195590.8000
1499,9,174813.7300
1512,3,440627.6600
1512,4,552575.2400
1512,5,533335.8500
1512,6,481251.3300
1512,7,504453.1200
1512,8,518798.2700
1512,9,541799.6100
1518,3,540354.5600
1518,4,601104.5500
1518,5,482120.3200
1518,6,342197.0600
1518,7,587425.4000
1518,8,634711.0500
1518,9,649019.5000
1524,3,356769.7500
1524,4,954203.0200
1524,5,1211590.4100
1524,6,1222724.4800
1524,7,1102117.4700
1524,8,692283.6200
1524,9,1283091.1700
1530,3,898008.3400
1530,4,970686.5500
1530,5,1033861.7000
1530,6,1016834.0800
1530,7,998442.3000
1530,8,986856.9800
1530,9,966529.9100
1531,3,860399.9700
1531,4,899337.8500
1531,5,900275.5000
1531,6,872931.0500
1531,7,841491.5900
1531,8,788318.7500
1531,9,831112.1700
1532,3,623285.0200
1532,4,619945.4400
1532,5,648657.7900
1532,6,606313.7400
1532,7,591450.6600
1532,8,548978.0300
1532,9,554603.2800
1533,3,712822.9300
1533,4,661797.7600
1533,5,715970.3600
1533,6,711987.7700
1533,7,695179.1200
1533,8,654131.3200
1533,9,624748.0400
1534,3,1667187.3900
1534,4,1606249.0000
1534,5,1681695.1500
1534,6,1663864.7500
1534,7,1444731.4700
1534,8,937948.5900
1534,9,1013510.7200
1535,3,851585.6000
1535,4,826427.5300
1535,5,589233.9700
1535,6,444475.7300
1535,7,849155.4800
1535,8,762334.2400
1535,9,820137.5000
1536,3,365896.4300
1536,4,297749.9800
1536,5,271354.5800
1536,6,356195.4300
1536,7,378676.3000
1536,8,332673.6600
1536,9,339291.5300
1538,3,491847.0700
1538,4,534308.5900
1538,5,503867.8200
1538,6,526462.1300
1538,7,530243.6800
1538,8,472109.5100
1538,9,473738.8800
1539,3,361293.1400
1539,4,342044.3000
1539,5,355916.8300
1539,6,211948.9400
1539,7,139604.8100
1539,8,291647.2400
1539,9,341389.4600
1541,3,585526.6600
1541,4,569963.5900
1541,5,567837.9600
1541,6,568338.2200
1541,7,541612.0800
1541,8,512338.4300
1541,9,533234.0800
1542,3,719630.1700
1542,4,802757.3600
1542,5,789073.5100
1542,6,784047.9300
1542,7,765837.9200
1542,8,794566.6900
1542,9,793465.4400
1544,3,1794429.3200
1544,4,1841053.1300
1544,5,1790705.0300
1544,6,1757865.2500
1544,7,1766248.8900
1544,8,1688427.6900
1544,9,1724921.4700
1545,3,785838.3300
1545,4,831322.5000
1545,5,892442.0400
1545,6,908784.2600
1545,7,876366.6500
1545,8,747797.4300
1545,9,599246.6600
1546,3,602799.5800
1546,4,565160.2800
1546,5,539110.9100
1546,6,564947.5100
1546,7,568393.1200
1546,8,532323.4700
1546,9,520320.2400
1548,3,106333.4800
1548,4,120123.3600
1548,5,105128.3800
1548,6,87704.7000
1548,7,66512.0200
1548,8,122842.5700
1548,9,122816.9500
1549,3,1186953.3600
1549,4,1177944.7800
1549,5,1238822.8900
1549,6,874295.5900
1549,7,560473.5700
1549,8,1147782.4400
1549,9,1136382.0700
1550,3,1486054.7300
1550,4,1453899.8100
1550,5,1571268.6000
1550,6,1599838.4900
1550,7,1506374.1300
1550,8,1468516.1500
1550,9,969065.0800
1551,3,473511.6200
1551,4,490300.6600
1551,5,497208.4100
1551,6,443189.4800
1551,7,434239.4500
1551,8,222513.0800
1551,9,489770.6100
1552,3,973452.3800
1552,4,949787.4400
1552,5,1008755.8100
1552,6,1010683.6600
1552,7,999647.3100
1552,8,963694.0900
1552,9,992558.6500
1554,3,806926.6600
1554,4,551486.1600
1554,5,345080.0200
1554,6,669018.9500
1554,7,738039.8600
1554,8,723528.0800
1554,9,720672.8000
1555,3,1894580.8500
1555,4,1855467.9400
1555,5,1879139.4900
1555,6,1891861.7800
1555,7,1795923.8600
1555,8,1748856.2400
1555,9,1824684.8300
1556,3,1965458.6800
1556,4,2008818.9800
1556,5,1524493.0700
1556,6,946050.8900
1556,7,1889328.7400
1556,8,1870692.1300
1556,9,1856649.0300
1557,3,1646023.2500
1557,4,1609096.2700
1557,5,1620915.5400
1557,6,1631368.7000
1557,7,1609239.3700
1557,8,1553672.4700
1557,9,1642036.5100
1558,3,439771.2600
1558,4,553352.8700
1558,5,401120.0500
1558,6,287459.1600
1558,7,433934.9100
1558,8,422615.8100
1558,9,437729.4600
1560,3,334608.6600
1560,4,353669.3800
1560,5,304221.1800
1560,6,289956.5400
1560,7,312564.6200
1560,8,329550.9300
1560,9,331429.7800
1562,3,200240.8500
1562,4,199319.6000
1562,5,186334.6200
1562,6,156615.4900
1562,7,112611.8400
1562,8,171442.9600
1562,9,173223.2500
1563,3,137658.9400
1563,4,142286.7900
1563,5,107896.4100
1563,6,115843.8100
1563,7,132834.9100
1563,8,118659.5700
1563,9,122162.7600
1564,3,83886.0900
1564,4,75877.1800
1564,5,82895.3300
1564,6,65535.4800
1564,7,72101.2900
1564,8,73718.1600
1564,9,69223.8200
1571,3,234531.0100
1571,4,176398.4000
1571,5,179357.0700
1571,6,169834.5800
1571,7,175715.8800
1571,8,165810.0400
1571,9,140033.3800
1573,3,144116.7700
1573,4,164502.7400
1573,5,149799.1900
1573,6,131289.1900
1573,7,148162.3600
1573,8,153392.2300
1573,9,158215.1700
1576,3,226660.0500
1576,4,234084.9100
1576,5,223752.1300
1576,6,207877.9900
1576,7,202650.7000
1576,8,234880.2100
1576,9,202139.3400
1578,3,1616531.0800
1578,4,1720141.1500
1578,5,1524920.5300
1578,6,1640406.0400
1578,7,1478292.2600
1578,8,1644534.6700
1578,9,1656252.9200
1579,3,1257770.8800
1579,4,1346133.5900
1579,5,1176769.4800
1579,6,1263580.5200
1579,7,1319809.5200
1579,8,1200163.7300
1579,9,1269163.1600
1580,3,715435.3600
1580,4,735465.3800
1580,5,714297.7800
1580,6,754820.4900
1580,7,714560.4900
1580,8,757215.2600
1580,9,776664.5400
1581,3,441901.0600
1581,4,438296.2500
1581,5,446378.8700
1581,6,402181.8100
1581,7,424146.8900
1581,8,394391.8400
1581,9,408706.5200
1583,3,1916280.5900
1583,4,1888717.7400
1583,5,2147276.1900
1583,6,1756211.5700
1583,7,1278964.1000
1583,8,775196.7900
1583,9,1883619.8500
1585,3,1555510.0000
1585,4,1599211.7700
1585,5,1216055.6600
1585,6,586105.6300
1585,7,1509925.1200
1585,8,1411010.6000
1585,9,1516391.5900
1586,3,2530279.4500
1586,4,2620341.7500
1586,5,2446927.4300
1586,6,2566613.3200
1586,7,2448276.2400
1586,8,2630573.9800
1586,9,2414627.1500
1587,3,1308859.9600
1587,4,1301747.7400
1587,5,1294302.8400
1587,6,1212257.6300
1587,7,1102613.4200
1587,8,1111261.6400
1587,9,1236791.7300
1588,3,3420711.7500
1588,4,3646813.7900
1588,5,3465034.1000
1588,6,3453625.1300
1588,7,3449587.2300
1588,8,3390778.4400
1588,9,3370434.3600
1589,3,722491.3700
1589,4,794990.4000
1589,5,688615.8000
1589,6,709968.2300
1589,7,738164.1400
1589,8,729117.1600
1589,9,710973.3800
1591,3,1591152.8800
1591,4,1618834.2400
1591,5,1649826.8300
1591,6,1644389.4700
1591,7,1587480.9200
1591,8,1567043.1500
1591,9,1633172.1300
1592,3,958969.7500
1592,4,951201.4800
1592,5,778881.2000
1592,6,963221.7100
1592,7,886117.9100
1592,8,975915.5300
1592,9,841322.3500
1593,3,848335.0900
1593,4,1087028.4500
1593,5,888930.1400
1593,6,1011350.9000
1593,7,968431.9200
1593,8,969449.0500
1593,9,949827.6500
1594,3,685393.2100
1594,4,773727.2600
1594,5,767616.6300
1594,6,682454.3800
1594,7,665602.9600
1594,8,595734.9400
1594,9,664068.0200
1595,3,706204.5200
1595,4,663126.0200
1595,5,691421.1300
1595,6,701245.6100
1595,7,659148.4200
1595,8,631340.3900
1595,9,645598.3900
1596,3,471205.2900
1596,4,459554.4400
1596,5,387860.7600
1596,6,301583.9700
1596,7,434019.0300
1596,8,405420.9700
1596,9,479927.9800
1597,3,1278815.9000
1597,4,1308474.8000
1597,5,1180656.5100
1597,6,1229819.3000
1597,7,1067139.2000
1597,8,943100.2100
1597,9,1178640.4300
1598,3,506336.9900
1598,4,504333.8200
1598,5,455152.9900
1598,6,477558.1000
1598,7,495486.3000
1598,8,475655.1300
1598,9,467368.7900
1599,3,506345.7300
1599,4,502284.9300
1599,5,450663.6000
1599,6,516627.0200
1599,7,533248.0400
1599,8,532259.4600
1599,9,501972.5900
1602,3,819753.4600
1602,4,802184.5000
1602,5,766716.1800
1602,6,706601.1900
1602,7,719338.6800
1602,8,724571.3700
1602,9,774521.8900
1611,3,2135829.5100
1611,4,2073402.5200
1611,5,1952822.1400
1611,6,1737057.7800
1611,7,2149616.0100
1611,8,2057192.9200
1611,9,1863256.8800
1612,3,1550224.8400
1612,4,1528941.3400
1612,5,1386004.5800
1612,6,1263993.2900
1612,7,1606182.4700
1612,8,1446108.0000
1612,9,1385484.3200
1613,3,2256082.4000
1613,4,2057122.0500
1613,5,1820336.8400
1613,6,1625695.9600
1613,7,2051988.1600
1613,8,2069057.5300
1613,9,1951097.9400
1614,3,2936865.1800
1614,4,2919079.6500
1614,5,2611432.2100
1614,6,2374894.9500
1614,7,2904483.5300
1614,8,2825710.4100
1614,9,2591524.3200
1615,3,1686832.3000
1615,4,1632186.2900
1615,5,1480334.8500
1615,6,1290500.1400
1615,7,1658117.2700
1615,8,1683593.5700
1615,9,1586830.4600
1616,3,2498791.5300
1616,4,2439595.2000
1616,5,2192899.7400
1616,6,1938794.1600
1616,7,2308379.3200
1616,8,2222517.3300
1616,9,2073538.2500
1617,3,1435678.7100
1617,4,1437400.6000
1617,5,1255027.8400
1617,6,1033908.9500
1617,7,1385678.5500
1617,8,1369197.8300
1617,9,1352747.0800
1618,3,2278809.9600
1618,4,2081465.4500
1618,5,1867124.4600
1618,6,1696425.2300
1618,7,2039040.0500
1618,8,2033867.5300
1618,9,1902424.5900
1620,3,1998561.2900
1620,4,1678549.5000
1620,5,1230995.7000
1620,6,1602029.3300
1620,7,1932428.5600
1620,8,1845683.6000
1620,9,1644528.6100
1622,3,2500243.9100
1622,4,2486218.4800
1622,5,2248068.8300
1622,6,1990185.3200
1622,7,2385106.4300
1622,8,2318738.2000
1622,9,2133768.5400
1623,3,1139362.0900
1623,4,1017681.1300
1623,5,874097.8000
1623,6,920953.1700
1623,7,1067007.1800
1623,8,1044103.8900
1623,9,1015348.7700
1625,3,1834699.1400
1625,4,1803578.2000
1625,5,1811393.5800
1625,6,1781414.3800
1625,7,1706407.7500
1625,8,1703360.7900
1625,9,1738207.6300
1626,3,866831.5300
1626,4,860492.1600
1626,5,718404.4700
1626,6,618647.2200
1626,7,776647.4100
1626,8,803952.4300
1626,9,731394.9100
1628,3,2048192.9000
1628,4,188132.2000
1628,5,87758.6800
1628,6,1808966.6800
1628,7,2003548.1300
1628,8,1894775.5700
1628,9,1853650.6200
1629,3,2939515.9700
1629,4,2845635.5500
1629,5,2798104.4500
1629,6,2657766.1000
1629,7,2771091.7100
1629,8,2597787.7300
1629,9,2606842.0700
1631,3,2580798.8900
1631,4,2466241.7400
1631,5,2438055.1300
1631,6,2255958.5700
1631,7,2255609.0900
1631,8,2231526.7900
1631,9,2352396.5800
1632,3,1342092.4500
1632,4,1301600.9500
1632,5,1245875.2600
1632,6,1181259.3000
1632,7,1217037.2000
1632,8,1260536.9500
1632,9,1160845.6500
1633,3,2583934.1700
1633,4,2468910.6700
1633,5,2353328.8400
1633,6,2158645.4400
1633,7,2430581.4000
1633,8,2372249.8300
1633,9,2329000.4200
1634,3,440311.1700
1634,4,378946.1700
1634,5,384981.2500
1634,6,399623.5500
1634,7,381486.3200
1634,8,366755.3700
1634,9,356363.5000
1635,3,1394008.4400
1635,4,1433426.7000
1635,5,1363854.9900
1635,6,1253993.2100
1635,7,1340504.0900
1635,8,1316641.8300
1635,9,1283704.9000
1636,3,2056031.3500
1636,4,1892307.5700
1636,5,1682040.2100
1636,6,1592454.4400
1636,7,1644338.0000
1636,8,1630885.6400
1636,9,1627220.7400
1637,3,1611452.8700
1637,4,1510364.3400
1637,5,1411481.5800
1637,6,1467507.2800
1637,7,1596352.6400
1637,8,1483422.7200
1637,9,1403542.4000
1640,3,372208.5300
1640,4,374225.9800
1640,5,359034.2600
1640,6,316398.9200
1640,7,306584.1400
1640,8,345865.5800
1640,9,354442.5400
1650,3,483754.8600
1650,4,460712.6700
1650,5,498604.8900
1650,6,383999.3800
1650,7,455086.7600
1650,8,429075.9100
1650,9,456589.8000
1653,3,639613.0800
1653,4,603433.6300
1653,5,638464.7500
1653,6,601512.5400
1653,7,662575.0600
1653,8,631253.2700
1653,9,701766.6000
1654,3,203151.8700
1654,4,219960.1700
1654,5,216144.8200
1654,6,185624.3300
1654,7,186152.1500
1654,8,193446.7400
1654,9,210540.3800
1655,3,140919.6900
1655,4,146002.1600
1655,5,115686.9600
1655,6,99136.1400
1655,7,115475.8900
1655,8,117644.8800
1655,9,116674.5000
1656,3,2162295.1000
1656,4,1992598.5700
1656,5,1881491.2100
1656,6,1913229.7400
1656,7,1967996.5400
1656,8,1889262.8400
1656,9,1893327.3400
1657,3,1312383.4200
1657,4,1286917.6200
1657,5,1148103.0000
1657,6,1185701.7200
1657,7,1192252.2200
1657,8,1265945.2600
1657,9,1248364.1900
1658,3,897668.4700
1658,4,857007.1500
1658,5,777623.3000
1658,6,799123.3100
1658,7,835635.2300
1658,8,878072.9600
1658,9,902815.1400
1659,3,3392495.5700
1659,4,3778436.8100
1659,5,3623720.2800
1659,6,3668568.4400
1659,7,3573662.7900
1659,8,3565618.8000
1659,9,3446683.6700
1660,3,954484.8900
1660,4,971396.6900
1660,5,1036777.5800
1660,6,984207.6800
1660,7,1025183.4300
1660,8,1060315.8200
1660,9,1034153.3800
1661,3,439837.9500
1661,4,474712.4000
1661,5,524722.7200
1661,6,473278.1400
1661,7,493616.2400
1661,8,491360.7400
1661,9,465932.4200
1663,3,227880.0900
1663,4,226816.0800
1663,5,214418.7800
1663,6,215762.0600
1663,7,219465.0400
1663,8,247962.2400
1663,9,230660.9200
1664,3,833100.9700
1664,4,867438.3800
1664,5,841580.8800
1664,6,870110.5700
1664,7,798863.4700
1664,8,837973.7700
1664,9,823201.8500
1667,3,790236.5800
1667,4,841385.8500
1667,5,797711.4300
1667,6,839107.8100
1667,7,807502.9700
1667,8,826024.8100
1667,9,748126.0300
1668,3,1874057.9100
1668,4,2077949.2000
1668,5,1978692.4800
1668,6,2120837.0200
1668,7,2146585.1600
1668,8,2079315.9100
1668,9,2010912.4000
1669,3,1283719.5100
1669,4,1428618.0300
1669,5,1414481.8900
1669,6,1409305.1100
1669,7,1392061.4300
1669,8,1266452.8000
1669,9,1340171.7700
1670,3,699349.6300
1670,4,711467.6800
1670,5,640636.6800
1670,6,650204.1200
1670,7,716758.6900
1670,8,683597.9600
1670,9,643454.6100
1671,3,224921.2500
1671,4,228482.2400
1671,5,211557.1600
1671,6,204947.5000
1671,7,251471.6100
1671,8,251946.4200
1671,9,248033.8300
1672,3,1041916.0500
1672,4,987184.8500
1672,5,954792.4100
1672,6,932034.7300
1672,7,984552.3300
1672,8,920474.7600
1672,9,1059283.1400
1673,3,213689.6300
1673,4,222534.6400
1673,5,198502.1100
1673,6,211048.2600
1673,7,192456.1400
1673,8,194575.0000
1673,9,200825.1600
1674,3,200863.5100
1674,4,202607.4900
1674,5,200012.9700
1674,6,173266.5500
1674,7,206160.2200
1674,8,205928.0000
1674,9,196563.8500
1675,3,277024.6700
1675,4,256207.0300
1675,5,251819.3700
1675,6,250414.3800
1675,7,232909.9600
1675,8,252062.5900
1675,9,247034.8200
1677,3,514385.1000
1677,4,471046.1700
1677,5,425554.0900
1677,6,383231.9800
1677,7,436139.6500
1677,8,421665.6300
1677,9,433654.3600
1678,3,597643.6800
1678,4,586037.2700
1678,5,536461.2100
1678,6,485014.1900
1678,7,596379.3600
1678,8,547089.2800
1678,9,557078.8700
1679,3,736386.6800
1679,4,755744.9500
1679,5,691180.8900
1679,6,646596.6700
1679,7,669255.4400
1679,8,755691.9600
1679,9,776098.0800
1680,3,185323.7300
1680,4,204040.5600
1680,5,185614.8700
1680,6,186288.3300
1680,7,182921.2800
1680,8,191330.3700
1680,9,200450.0500
1681,3,411946.0300
1681,4,444271.4400
1681,5,431860.4800
1681,6,359639.9200
1681,7,337880.8400
1681,8,408967.7800
1681,9,421910.7900
1682,3,366709.6200
1682,4,363455.5300
1682,5,364883.4900
1682,6,338007.8300
1682,7,406408.6000
1682,8,391992.8900
1682,9,408944.9900
1683,3,455044.5400
1683,4,529170.5500
1683,5,504782.7000
1683,6,471768.3500
1683,7,520045.8400
1683,8,507365.2400
1683,9,534257.9000
1684,3,365673.5600
1684,4,374237.7300
1684,5,359628.5200
1684,6,351836.7200
1684,7,389451.0400
1684,8,394878.9400
1684,9,399996.4400
1685,3,171082.1600
1685,4,170011.0200
1685,5,162060.8200
1685,6,174923.6200
1685,7,192630.9400
1685,8,193144.1400
1685,9,194228.0200
1686,3,134855.0600
1686,4,129629.8000
1686,5,125052.5200
1686,6,114246.3900
1686,7,116245.5100
1686,8,135360.0400
1686,9,143233.2600
1687,3,150412.1900
1687,4,153243.8500
1687,5,132130.1800
1687,6,113921.0700
1687,7,154712.1300
1687,8,168877.8100
1687,9,159002.7300
1689,3,258430.5400
1689,4,229911.8900
1689,5,235487.2200
1689,6,237523.0900
1689,7,271231.7600
1689,8,256969.9400
1689,9,251221.8700
1690,3,337796.9100
1690,4,352784.3400
1690,5,323922.0200
1690,6,327637.2300
1690,7,350652.8900
1690,8,330825.2800
1690,9,365785.5700
1691,3,165783.9100
1691,4,154085.7500
1691,5,112847.5900
1691,6,114123.0300
1691,7,154985.4400
1691,8,159469.8700
1691,9,165813.1300
1692,3,135935.1100
1692,4,141593.3200
1692,5,116483.2300
1692,6,122226.7800
1692,7,156084.2000
1692,8,152614.6100
1692,9,143021.3000
1693,3,572215.1700
1693,4,606338.4100
1693,5,522310.3600
1693,6,521541.0300
1693,7,634189.8300
1693,8,609072.2600
1693,9,577717.1400
1694,3,962784.6800
1694,4,1086002.6300
1694,5,1377503.4100
1694,6,1195826.8500
1694,7,938280.5200
1694,8,1184383.2700
1694,9,1414618.5600
1695,3,140602.6600
1695,4,135288.6300
1695,5,129904.4100
1695,6,134980.5700
1695,7,136948.1800
1695,8,125108.6700
1695,9,137733.3900
1697,3,1656196.3100
1697,4,1644000.0900
1697,5,1530303.4900
1697,6,1508550.3600
1697,7,1454396.4800
1697,8,1524851.1300
1697,9,1440319.1400
1698,3,856487.2200
1698,4,810981.0700
1698,5,806945.2800
1698,6,767787.0600
1698,7,816391.2000
1698,8,783434.6400
1698,9,725655.4300
1910,3,822032.7900
1910,4,874463.1800
1910,5,794165.3000
1910,6,793516.8300
1910,7,876257.8900
1910,8,917761.8100
1910,9,929414.6700
1911,3,5971670.7600
1911,4,6238539.7600
1911,5,5819726.7100
1911,6,5078499.7200
1911,7,6168064.3600
1911,8,5286953.6300
1911,9,5663179.3600
1912,3,4265145.6400
1912,4,4545205.2300
1912,5,4394836.5100
1912,6,4021360.9200
1912,7,4374408.5900
1912,8,4201464.7900
1912,9,4035131.8100
1914,3,3732696.8100
1914,4,3768886.8700
1914,5,3612504.3600
1914,6,3297378.3600
1914,7,3555960.8500
1914,8,2296948.6000
1914,9,2927938.4600
1915,3,598068.3800
1915,4,542084.4500
1915,5,662523.2800
1915,6,520426.0400
1915,7,563972.5400
1915,8,566635.3600
1915,9,565156.6200
1934,3,466195.7700
1934,4,482320.2700
1934,5,434432.0700
1934,6,426450.1000
1934,7,475394.7500
1934,8,471666.0900
1934,9,413133.8400
1936,3,2686465.3000
1936,4,2619023.8200
1936,5,2505064.6800
1936,6,2230316.3200
1936,7,2405206.5300
1936,8,2391936.3800
1936,9,2314830.0600
1939,3,333627.3800
1939,4,389202.8500
1939,5,382506.5800
1939,6,413248.2000
1939,7,429391.1600
1939,8,437378.9200
1939,9,480121.4700
1942,3,1224768.7900
1942,4,1220556.8800
1942,5,1283272.1500
1942,6,1057620.9400
1942,7,1062244.2900
1942,8,1122745.4900
1942,9,1129825.1200
1944,3,153305.8600
1944,4,172760.4600
1944,5,177341.3300
1944,6,153963.2000
1944,7,168551.3700
1944,8,172467.6100
1944,9,183611.1800
1945,3,3594212.9100
1945,4,3599487.5300
1945,5,3437256.4800
1945,6,3110176.4600
1945,7,3346142.0900
1945,8,3376174.0900
1945,9,3270840.3900
1952,3,1369416.4200
1952,4,1444104.5800
1952,5,1470561.7600
1952,6,1442255.7900
1952,7,1421986.7500
1952,8,1380451.7300
1952,9,1408532.1600
1954,3,3048049.5900
1954,4,3163136.2700
1954,5,2972066.1100
1954,6,2613192.5800
1954,7,3114497.3400
1954,8,2785337.1600
1954,9,2701948.3300
1955,3,2672058.9400
1955,4,2771913.8700
1955,5,2862091.1400
1955,6,2842792.9300
1955,7,2752566.8600
1955,8,2688413.6100
1955,9,2650129.5100
1956,3,1020797.3600
1956,4,963337.1200
1956,5,893725.4800
1956,6,880381.7400
1956,7,830311.4700
1956,8,531285.4300
1956,9,848815.7800
1958,3,477535.0400
1958,4,606398.3400
1958,5,452927.0500
1958,6,481209.6300
1958,7,538359.9400
1958,8,514005.1900
1958,9,488852.8100
1960,3,224289.9100
1960,4,231656.3600
1960,5,225558.6300
1960,6,238749.1400
1960,7,237974.0600
1960,8,252181.8200
1960,9,249309.1500
1961,3,59571.4000
1961,4,90447.7500
1961,5,78980.3500
1961,6,90125.8900
1961,7,96729.2400
1961,8,94109.2200
1961,9,107069.6800
1963,3,2351851.6500
1963,4,2264255.1600
1963,5,2319572.4200
1963,6,2174223.0700
1963,7,2103756.0100
1963,8,2123087.1800
1963,9,2227268.4000
1964,3,809037.1800
1964,4,802856.0200
1964,5,717151.3800
1964,6,680158.8800
1964,7,757331.5400
1964,8,797916.7800
1964,9,770440.0400
1967,3,929674.4100
1967,4,1003079.1300
1967,5,984499.1800
1967,6,1047776.3500
1967,7,1074682.9700
1967,8,1077556.0900
1967,9,1008092.7200
1968,3,707329.5900
1968,4,733325.8800
1968,5,732564.8500
1968,6,781353.6400
1968,7,758481.2200
1968,8,698955.8400
1968,9,713809.7700
1970,3,1133131.0800
1970,4,1138293.2300
1970,5,1178645.9200
1970,6,1103756.8800
1970,7,1057204.3400
1970,8,1020173.6100
1970,9,1068673.1300
1971,3,648007.3300
1971,4,648916.0200
1971,5,592549.8100
1971,6,659294.4300
1971,7,644126.3200
1971,8,607332.1700
1971,9,603686.1300
1972,3,319512.3400
1972,4,317794.3000
1972,5,302187.1100
1972,6,299842.8800
1972,7,311321.8400
1972,8,304545.4300
1972,9,302460.0500
1973,3,419564.9100
1973,4,405740.1200
1973,5,394620.8100
1973,6,388437.6200
1973,7,391710.4400
1973,8,378426.7700
1973,9,350382.7900
1974,3,281847.4800
1974,4,384382.2500
1974,5,287710.5700
1974,6,250503.1700
1974,7,309661.2900
1974,8,286156.5800
1974,9,278298.0500
1975,3,423316.1200
1975,4,408817.2900
1975,5,388267.2000
1975,6,393368.8800
1975,7,388276.9900
1975,8,397977.9300
1975,9,431744.7200
1976,3,844680.3300
1976,4,805944.4200
1976,5,727116.9100
1976,6,649141.0100
1976,7,729307.5200
1976,8,758265.7600
1976,9,764492.5800
1977,3,150103.3200
1977,4,107999.3600
1977,5,157022.8800
1977,6,128623.7000
1977,7,99213.1500
1977,8,135759.5900
1977,9,162145.7900
1978,3,553230.8700
1978,4,566648.9000
1978,5,529315.7800
1978,6,458710.6700
1978,7,484526.4300
1978,8,484997.0200
1978,9,509721.6000
1980,3,262845.8400
1980,4,286857.2300
1980,5,271776.6500
1980,6,249269.2900
1980,7,267445.2900
1980,8,272669.7000
1980,9,272524.5800
1981,3,162307.6600
1981,4,174232.3900
1981,5,164317.5200
1981,6,147728.7900
1981,7,173833.3100
1981,8,186171.6600
1981,9,192564.2100
1983,3,71030.9400
1983,4,70923.7500
1983,5,85087.9800
1983,6,71798.6900
1983,7,67450.3400
1983,8,81755.1300
1983,9,82337.1500
1985,3,231748.3700
1985,4,227140.6600
1985,5,237230.3900
1985,6,212271.4500
1985,7,241520.3600
1985,8,229093.6600
1985,9,235325.2200
1987,3,235824.8400
1987,4,179452.9000
1987,5,187814.8200
1987,6,194433.1600
1987,7,196677.4800
1987,8,199598.4200
1987,9,203431.3800
1988,3,148903.4500
1988,4,140255.2900
1988,5,135064.5000
1988,6,122112.1500
1988,7,143492.7000
1988,8,148910.2900
1988,9,146176.3400
1989,3,94913.4600
1989,4,87061.6700
1989,5,84648.6800
1989,6,73160.5500
1989,7,74650.9000
1989,8,68129.1400
1989,9,76743.9800
1990,3,65343.5800
1990,4,56508.7000
1990,5,56488.4600
1990,6,49858.6700
1990,7,68742.9600
1990,8,68441.3000
1990,9,79934.3600
1991,3,88755.6200
1991,4,95644.5700
1991,5,76863.6200
1991,6,73503.0500
1991,7,83034.5400
1991,8,101059.9200
1991,9,84139.5900
1992,3,76370.2000
1992,4,86953.8800
1992,5,78023.4500
1992,6,76008.6400
1992,7,65536.1900
1992,8,68274.0900
1992,9,65848.0800
1993,3,432432.8600
1993,4,455579.7500
1993,5,398964.4200
1993,6,440268.8100
1993,7,393703.2300
1993,8,431256.8400
1993,9,421810.7600
1995,3,595875.4100
1995,4,661719.6200
1995,5,662775.8600
1995,6,633084.2300
1995,7,693633.7200
1995,8,725608.5000
1995,9,633446.5100
1997,3,381363.2700
1997,4,411521.2800
1997,5,457089.7700
1997,6,404209.6500
1997,7,469469.6200
1997,8,297382.1700
1997,9,461751.7300
1998,3,653160.9900
1998,4,651524.2200
1998,5,667140.1500
1998,6,676308.4500
1998,7,462313.1500
1998,8,345950.7100
1998,9,669507.8100
2011,3,1331824.9400
2011,4,1360124.6300
2011,5,1374347.5800
2011,6,1283783.1600
2011,7,1243154.0800
2011,8,1339121.3800
2011,9,1525449.0600
2012,3,2933005.2100
2012,4,3045909.7400
2012,5,3062598.4700
2012,6,2852931.8200
2012,7,2766135.5400
2012,8,2869415.0000
2012,9,2878448.9100
2013,3,3952290.3800
2013,4,4108760.1800
2013,5,3961191.1000
2013,6,3618288.0600
2013,7,3683825.5600
2013,8,3831968.7000
2013,9,3845567.5400
2014,3,1644512.5700
2014,4,1686598.7500
2014,5,1586716.2300
2014,6,1602721.8900
2014,7,1539335.1400
2014,8,1575731.7600
2014,9,1580281.0100
2015,3,3028997.0000
2015,4,3083371.0500
2015,5,3110907.6300
2015,6,2897007.4200
2015,7,2929248.4400
2015,8,3043977.4700
2015,9,3007768.6900
2016,3,2550413.0300
2016,4,2518356.4200
2016,5,2494759.9300
2016,6,2429298.5800
2016,7,2388642.9800
2016,8,2375170.9900
2016,9,2308021.3600
2017,3,2286486.1900
2017,4,2334748.0900
2017,5,2282669.0600
2017,6,2137618.2500
2017,7,2053314.4800
2017,8,2176313.3800
2017,9,2092399.9300
2018,3,2810685.5600
2018,4,2903472.7500
2018,5,2906945.9800
2018,6,2804761.5500
2018,7,2466590.6700
2018,8,2809796.1600
2018,9,2881647.2200
2019,3,2172598.4400
2019,4,2168851.5000
2019,5,2063462.0600
2019,6,1917762.2400
2019,7,1909875.7300
2019,8,1893257.2500
2019,9,1921510.3500
2020,3,1934644.1700
2020,4,1952389.0800
2020,5,1929717.2900
2020,6,1300804.3100
2020,7,541625.2500
2020,8,1590380.1400
2020,9,1782282.0200
2021,3,1796447.0600
2021,4,1747062.3700
2021,5,1739716.7900
2021,6,600187.7600
2021,7,1323551.3600
2021,8,1718057.4200
2021,9,1767448.8100
2022,3,1530992.9100
2022,4,1517817.1300
2022,5,1426964.1600
2022,6,1429590.2700
2022,7,1391654.9200
2022,8,1425382.4500
2022,9,1429866.1800
2023,3,1162356.7600
2023,4,1111189.6300
2023,5,953773.8900
2023,6,924449.4500
2023,7,923701.7800
2023,8,986187.6300
2023,9,1051801.9600
2024,3,1359473.7500
2024,4,1339671.2100
2024,5,1343116.3500
2024,6,1251661.0800
2024,7,1098921.6100
2024,8,1179378.4300
2024,9,1185658.8700
2029,3,1249672.5500
2029,4,1264932.8800
2029,5,1292107.1100
2029,6,1183023.9400
2029,7,1189785.5100
2029,8,1200511.0500
2029,9,986553.4200
2030,3,2889781.9300
2030,4,3102742.4600
2030,5,2846650.5700
2030,6,2522948.9600
2030,7,2719406.5000
2030,8,2720201.7600
2030,9,2658050.7200
2031,3,2173174.1000
2031,4,2130476.5900
2031,5,2105413.9600
2031,6,1881773.3900
2031,7,1980083.7700
2031,8,1975174.5200
2031,9,1959488.2700
2032,3,2767805.2700
2032,4,2717603.9600
2032,5,2653019.4500
2032,6,2379802.4200
2032,7,2519056.6000
2032,8,2555779.5700
2032,9,2513267.0400
2034,3,4209811.1700
2034,4,4119411.7600
2034,5,3896903.8000
2034,6,3636062.7900
2034,7,3734407.5100
2034,8,3828451.8500
2034,9,3806371.8100
2036,3,2043975.3000
2036,4,2604059.3500
2036,5,2202738.3800
2036,6,1963305.6500
2036,7,2333202.5000
2036,8,2297010.2800
2036,9,1540813.1200
2037,3,502268.0200
2037,4,1706662.5800
2037,5,1694809.9000
2037,6,1582173.3900
2037,7,1582732.2000
2037,8,1626607.2500
2037,9,1642096.7200
2038,3,1517639.4700
2038,4,1594250.0200
2038,5,1533382.9700
2038,6,1556355.7300
2038,7,1583812.1300
2038,8,1567548.0300
2038,9,1526619.6600
2040,3,1234555.4600
2040,4,1276497.2900
2040,5,1188592.8500
2040,6,1235619.0900
2040,7,1250933.1000
2040,8,1266814.6700
2040,9,1256027.4400
2043,3,1428185.6500
2043,4,1416064.8600
2043,5,1378680.6200
2043,6,1242750.8000
2043,7,1277190.7500
2043,8,1411595.6100
2043,9,1382152.9800
2044,3,1510464.5000
2044,4,1476853.3300
2044,5,1447994.8400
2044,6,1347660.1200
2044,7,1370885.2000
2044,8,1329408.1900
2044,9,1317539.5200
2045,3,1748204.2100
2045,4,1701125.6800
2045,5,1634309.6700
2045,6,1510754.1600
2045,7,1537493.6900
2045,8,1513447.1700
2045,9,1475107.2800
2054,3,1968960.1200
2054,4,1942921.8000
2054,5,1935283.9400
2054,6,1800369.5400
2054,7,1798503.4400
2054,8,1983796.7500
2054,9,1924055.5500
2055,3,7621.5200
2055,4,3402227.0100
2055,5,3864743.8100
2055,6,3567702.6200
2055,7,3789551.9300
2055,8,3955003.6300
2055,9,3830679.8100
2057,3,3152569.5700
2057,4,474.9400
2057,5,2088935.5700
2057,6,2712356.0900
2057,7,2753723.7800
2057,8,2776009.1100
2057,9,3007579.9100
2058,3,206889.4000
2058,4,191432.5000
2058,5,171864.4500
2058,6,166798.9400
2058,7,150377.0700
2058,8,146005.9100
2058,9,161335.1900
2059,3,914648.7100
2059,4,945670.7000
2059,5,887896.8300
2059,6,718269.0900
2059,7,707376.6800
2059,8,856446.0100
2059,9,822249.5400
2060,3,2167191.7900
2060,4,2287822.8800
2060,5,2170276.4100
2060,6,1945529.8200
2060,7,2183380.5400
2060,8,2095128.4300
2060,9,2097180.6500
2061,3,2631463.0400
2061,4,2908867.9800
2061,5,2565387.0200
2061,6,2776040.3800
2061,7,2613148.5800
2061,8,2704035.0300
2061,9,2743455.7500
2062,3,173239.4200
2062,4,206075.5600
2062,5,191765.1900
2062,6,198257.8000
2062,7,190280.6600
2062,8,198984.7500
2062,9,196109.5600
2063,3,268981.0300
2063,4,236839.3100
2063,5,262829.1200
2063,6,279739.4500
2063,7,280402.4400
2063,8,281425.8600
2063,9,339942.8900
2064,3,336158.6300
2064,4,348028.4600
2064,5,338369.2300
2064,6,347835.8900
2064,7,372023.8300
2064,8,386848.7400
2064,9,383635.7000
2065,3,469658.1400
2065,4,500608.8500
2065,5,464756.2100
2065,6,473517.4300
2065,7,446281.3300
2065,8,471742.1900
2065,9,460108.7000
2066,3,1077664.5500
2066,4,1289311.4100
2066,5,1253977.5700
2066,6,1178141.4800
2066,7,1188805.4700
2066,8,1204640.3400
2066,9,1239089.7200
2068,3,88442.9800
2068,4,82710.5300
2068,5,73880.9500
2068,6,75782.3200
2068,7,89946.9700
2068,8,76941.1600
2068,9,81525.1100
2071,3,2091433.2900
2071,4,2050830.9100
2071,5,2053034.9100
2071,6,1829419.1000
2071,7,1915961.6100
2071,8,1891213.3600
2071,9,1515071.8100
2072,3,1400555.6500
2072,4,1453589.0400
2072,5,1524522.7500
2072,6,1392567.9500
2072,7,1457643.2200
2072,8,1379300.8200
2072,9,1291275.6300
2073,3,689054.8900
2073,4,678655.2600
2073,5,713690.8300
2073,6,715880.9200
2073,7,624371.7100
2073,8,583254.9200
2073,9,714273.4900
2074,3,432924.4800
2074,4,389500.1300
2074,5,407567.1300
2074,6,420083.5300
2074,7,364037.9400
2074,8,349985.2700
2074,9,398186.3200
2075,3,642852.0300
2075,4,645126.9900
2075,5,641193.0600
2075,6,563474.2700
2075,7,567576.2700
2075,8,549150.8700
2075,9,581617.3500
2076,3,352646.0500
2076,4,366692.8100
2076,5,345472.1700
2076,6,313710.5500
2076,7,313990.2400
2076,8,340206.8800
2076,9,280604.5700
2077,3,708591.2200
2077,4,671646.0300
2077,5,610234.8200
2077,6,568059.9200
2077,7,541471.3900
2077,8,540265.2900
2077,9,601550.6100
2078,3,796226.8800
2078,4,767889.9900
2078,5,723289.5400
2078,6,615702.3300
2078,7,630979.6500
2078,8,642980.2800
2078,9,749129.7200
2080,3,1205920.9200
2080,4,1307736.0800
2080,5,1389383.6300
2080,6,1321097.5600
2080,7,1289822.0300
2080,8,1276887.2900
2080,9,1358345.4000
2081,3,285935.2300
2081,4,266204.7500
2081,5,240498.7700
2081,6,267372.0900
2081,7,181725.9500
2081,8,208127.8600
2081,9,243068.1700
2082,3,433058.9600
2082,4,393002.5500
2082,5,366289.2800
2082,6,350183.1700
2082,7,363265.8700
2082,8,369244.7200
2082,9,376071.4900
2083,3,581457.2600
2083,4,559881.3100
2083,5,569081.9200
2083,6,494764.7300
2083,7,502231.1200
2083,8,486370.1700
2083,9,517781.1400
2084,3,1289013.7800
2084,4,1479697.4000
2084,5,1414898.6500
2084,6,1689606.2100
2084,7,1422643.6800
2084,8,1461446.5600
2084,9,1469119.9500
2085,3,1792146.7600
2085,4,1929920.1700
2085,5,1901560.8700
2085,6,2096586.1300
2085,7,1840994.4000
2085,8,1828161.5200
2085,9,1954259.7200
2086,3,1996338.5300
2086,4,2024403.1200
2086,5,2112259.8300
2086,6,1989826.1500
2086,7,2119074.6000
2086,8,2170595.9000
2086,9,2086697.2500
2087,3,2517046.4500
2087,4,3475.5700
2087,5,2455733.8600
2087,6,2730877.5500
2087,7,2673267.8800
2087,8,2556586.4900
2087,9,2627412.9600
2088,3,758452.3300
2088,4,730158.8900
2088,5,704064.5100
2088,6,661590.6300
2088,7,714098.7400
2088,8,624573.1500
2088,9,720811.3000
2089,4,1038227.9400
2089,5,960195.5300
2089,6,1036337.9400
2089,7,1136996.4600
2089,8,918312.6100
2089,9,854966.9300
2090,3,352.9200
2090,4,511007.8000
2090,5,445094.7600
2090,6,485515.7900
2090,7,550627.8200
2090,8,519928.6400
2090,9,448366.1500
2092,3,207938.3000
2092,4,241426.0000
2092,5,232246.2300
2092,6,201992.0200
2092,7,220484.7200
2092,8,225622.9800
2092,9,226247.4500
2094,3,138646.8800
2094,4,136071.9500
2094,5,133854.8400
2094,6,113938.2100
2094,7,125972.5400
2094,8,116900.9200
2094,9,125884.6500
2095,3,791957.2200
2095,4,826205.4100
2095,5,834341.9400
2095,6,887819.9800
2095,7,920587.2200
2095,8,954023.2300
2095,9,1016813.0100
2096,3,360387.6000
2096,4,373931.2100
2096,5,383570.5600
2096,6,434718.0100
2096,7,392362.8500
2096,8,371842.3300
2096,9,361131.4600
2097,3,403609.8900
2097,4,444834.1700
2097,5,328138.6300
2097,6,433822.3900
2097,7,394351.2000
2097,8,389429.8100
2097,9,407860.7700
2098,3,257707.8200
2098,4,377630.9400
2098,5,320315.2300
2098,6,309468.6700
2098,7,314454.4700
2098,8,313313.1400
2098,9,293473.4000
2099,3,341799.0100
2099,4,308776.6500
2099,5,298936.1900
2099,6,291330.5400
2099,7,329672.2600
2099,8,319383.3600
2099,9,280915.1700
2211,3,3675112.0100
2211,4,3617354.8200
2211,5,3357823.8200
2211,6,2965236.7300
2211,7,2894403.8100
2211,8,3226048.6100
2211,9,3122102.6500
2212,3,384315.9100
2212,4,467489.0400
2212,5,431203.1300
2212,6,376574.0000
2212,7,434989.4700
2212,8,407628.7000
2212,9,457512.2800
2213,3,2836106.1500
2213,4,2817847.0700
2213,5,2779825.0500
2213,6,2752071.7300
2213,7,2753973.0600
2213,8,2699311.8700
2213,9,2699822.0900
2214,3,2685157.5300
2214,4,2508566.8200
2214,5,2523136.7400
2214,6,2371744.6600
2214,7,2416901.0800
2214,8,2591276.7000
2214,9,2453248.5700
2215,3,2446372.2700
2215,4,2434804.3800
2215,5,2432132.7700
2215,6,2214423.2300
2215,7,2270865.9100
2215,8,2372910.3200
2215,9,2306274.8500
2216,3,2215562.7600
2216,4,2085449.1100
2216,5,1909975.2000
2216,6,1911809.4900
2216,7,2033811.2200
2216,8,2031528.7400
2216,9,1856618.6600
2217,3,2015045.3800
2217,4,1848135.9600
2217,5,1771745.0400
2217,6,1835530.9400
2217,7,1350903.2100
2217,8,672502.3500
2217,9,1713102.8100
2218,3,1274448.2100
2218,4,1254974.1800
2218,5,1183800.5200
2218,6,1143465.3100
2218,7,1120422.7200
2218,8,1198885.4500
2218,9,1167788.5900
2220,3,1802060.4800
2220,4,1645383.8700
2220,5,1595361.7800
2220,6,1561152.8500
2220,7,1439301.0500
2220,8,1593818.7800
2220,9,1670706.9300
2222,3,768360.7700
2222,4,741485.9000
2222,5,722360.4000
2222,6,720293.0400
2222,7,717966.6200
2222,8,730105.4700
2222,9,743128.1100
2229,3,3861718.6400
2229,4,3735906.9900
2229,5,3557616.4700
2229,6,3335732.0400
2229,7,3457357.7800
2229,8,3302553.6300
2229,9,3441270.9800
2230,3,2811656.0700
2230,4,2845018.9300
2230,5,2692043.9200
2230,6,2663431.3500
2230,7,2425427.0600
2230,8,2210678.4200
2230,9,2498532.1000
2231,3,504527.7300
2231,4,468226.4600
2231,5,507562.3200
2231,6,475236.9000
2231,7,483964.9600
2231,8,440809.1900
2231,9,490614.3100
2233,3,1631545.4300
2233,4,1544730.8900
2233,5,1404092.8400
2233,6,1291440.5900
2233,7,1451913.7400
2233,8,1423172.9700
2233,9,1347162.3500
2234,3,1307638.7400
2234,4,1259435.3300
2234,5,977882.4100
2234,6,922397.5700
2234,7,1183251.8400
2234,8,1051800.8000
2234,9,1087427.8900
2235,3,1781789.4200
2235,4,1788936.6100
2235,5,1621949.7400
2235,6,1566672.5400
2235,7,1692378.0500
2235,8,1564175.1100
2235,9,1589796.4100
2237,3,3732456.8400
2237,4,3547929.9100
2237,5,3334077.8900
2237,6,3163067.9900
2237,7,3431821.8500
2237,8,3419159.6000
2237,9,3379977.7600
2238,3,1343484.6300
2238,4,1351198.5800
2238,5,1093336.2200
2238,6,1212234.3300
2238,7,1289226.9400
2238,8,1242970.3200
2238,9,1284802.0400
2239,3,1806775.0300
2239,4,1657252.0300
2239,5,1607019.0800
2239,6,1521190.2900
2239,7,1626367.4100
2239,8,1658569.2600
2239,9,1664694.2800
2240,3,837932.6400
2240,4,827558.5700
2240,5,755158.6300
2240,6,716348.3300
2240,7,774466.4300
2240,8,707773.9900
2240,9,632236.2500
2241,3,1306337.4600
2241,4,1245285.6500
2241,5,1066450.3800
2241,6,1032321.8400
2241,7,1108500.8800
2241,8,1146089.4800
2241,9,1059237.0700
2242,3,1023584.5600
2242,4,1040789.9100
2242,5,880190.9200
2242,6,867813.5000
2242,7,899999.5500
2242,8,925756.4400
2242,9,856099.0900
2243,3,487839.1400
2243,4,644010.0800
2243,5,477793.0000
2243,6,425153.2600
2243,7,471536.8600
2243,8,491796.5600
2243,9,478424.3100
2244,3,2403862.8900
2244,4,2536531.6300
2244,5,2257569.4600
2244,6,2474216.8300
2244,7,2372166.6900
2244,8,2371815.3200
2244,9,2379959.7400
2245,3,850331.3000
2245,4,871999.8800
2245,5,799534.5700
2245,6,799762.5800
2245,7,779546.4200
2245,8,847286.3500
2245,9,831910.3600
2246,3,1233832.4100
2246,4,1300670.6600
2246,5,1160298.7300
2246,6,1216045.0600
2246,7,1243066.6500
2246,8,1291030.9900
2246,9,1165869.8300
2247,3,1355778.4900
2247,4,1305100.0500
2247,5,1219279.7900
2247,6,1292304.3800
2247,7,1213465.5200
2247,8,1266858.8000
2247,9,1131114.3000
2248,3,657973.4300
2248,4,790117.9800
2248,5,721812.8700
2248,6,679456.7600
2248,7,701887.6400
2248,8,672814.7700
2248,9,614989.6700
2249,3,2587580.4600
2249,4,2679342.3400
2249,5,2583946.0800
2249,6,2753021.8800
2249,7,2559525.7100
2249,8,2614485.2200
2249,9,2609316.5500
2250,3,2602143.9400
2250,4,2736624.5500
2250,5,2704475.9200
2250,6,2754219.6300
2250,7,2557627.7100
2250,8,2637733.7400
2250,9,2652446.6800
2251,3,1039729.9500
2251,4,1027478.3500
2251,5,1005698.4600
2251,6,1065331.2300
2251,7,972633.6900
2251,8,1075398.8300
2251,9,990207.9600
2252,3,917272.9500
2252,4,878190.6000
2252,5,771440.0700
2252,6,818314.8300
2252,7,831649.9500
2252,8,890617.8600
2252,9,858506.9300
2253,3,964128.4400
2253,4,1030309.2600
2253,5,1000622.4100
2253,6,928974.4500
2253,7,906450.5500
2253,8,911863.0300
2253,9,861110.8600
2254,3,112380.1900
2254,4,75387.5700
2254,5,138026.6200
2254,6,97324.0800
2254,7,110606.7400
2254,8,99548.5500
2254,9,120347.9100
2255,3,96530.8800
2255,4,142862.4800
2255,5,144695.0900
2255,6,106191.9700
2255,7,103005.0100
2255,8,112888.2000
2255,9,108257.0300
2256,3,1007281.0600
2256,4,919334.7600
2256,5,886790.6400
2256,6,914146.3500
2256,7,831269.8100
2256,8,822991.7500
2256,9,860407.5400
2261,3,725685.6300
2261,4,614735.0100
2261,5,599304.4800
2261,6,555022.5200
2261,7,567152.5000
2261,8,541744.8200
2261,9,553348.9400
2262,3,493289.7800
2262,4,438576.0000
2262,5,399911.0100
2262,6,487749.3900
2262,7,423873.0800
2262,8,389503.3900
2262,9,359939.8200
2263,3,1582008.3200
2263,4,1569394.5600
2263,5,1467003.5200
2263,6,1447721.6700
2263,7,1403491.9200
2263,8,1424648.6500
2263,9,1342322.1800
2264,3,953998.3200
2264,4,900383.1800
2264,5,752146.9300
2264,6,775372.3700
2264,7,864839.6400
2264,8,829864.5800
2264,9,891431.1200
2265,3,484568.5600
2265,4,532510.9400
2265,5,544858.2200
2265,6,560657.3600
2265,7,629120.7500
2265,8,603618.3000
2265,9,613207.5800
2266,3,385300.9400
2266,4,337342.1100
2266,5,310407.0000
2266,6,294702.1800
2266,7,367681.2200
2266,8,307768.4000
2266,9,373086.2400
2267,3,230473.9200
2267,4,249431.9800
2267,5,224248.4200
2267,6,224942.7300
2267,7,228982.9500
2267,8,224674.6500
2267,9,246608.1000
2269,3,467295.2700
2269,4,418592.3000
2269,5,422622.3400
2269,6,398141.4500
2269,7,405186.1700
2269,8,407716.1900
2269,9,430283.4100
2270,3,333654.8700
2270,4,351909.3700
2270,5,358580.7300
2270,6,394265.2800
2270,7,360623.5200
2270,8,368873.3800
2270,9,397700.5300
2271,3,179386.9500
2271,4,181557.7900
2271,5,166164.7900
2271,6,189774.2000
2271,7,179600.3700
2271,8,168853.0700
2271,9,168760.8500
2273,3,139611.3100
2273,4,183430.2700
2273,5,165659.8000
2273,6,143054.7900
2273,7,121963.9300
2273,8,142145.1200
2273,9,185868.9100
2274,3,251673.2400
2274,4,291515.0100
2274,5,255995.4400
2274,6,247634.5900
2274,7,166192.5400
2274,8,200538.9800
2274,9,243810.9300
2275,3,1286945.8800
2275,4,1279714.9300
2275,5,1189211.4200
2275,6,1196623.5600
2275,7,1150422.6100
2275,8,1147786.3100
2275,9,1346436.2900
2276,3,566428.1200
2276,4,587188.1000
2276,5,537037.0900
2276,6,536401.4400
2276,7,540370.3700
2276,8,550672.9900
2276,9,548127.5100
2278,3,576449.3900
2278,4,607231.9900
2278,5,475851.0600
2278,6,533431.8500
2278,7,640413.0900
2278,8,549335.4600
2278,9,534500.9000
2279,3,279297.5000
2279,4,296548.9700
2279,5,282217.7900
2279,6,284249.1400
2279,7,307928.1800
2279,8,350614.5400
2279,9,283997.7500
2280,3,36731.5700
2280,4,38351.5300
2280,5,38923.0600
2280,6,39651.2100
2280,7,48454.5000
2280,8,45083.4800
2280,9,69041.6300
2281,3,812987.1900
2281,4,844918.5300
2281,5,851925.1900
2281,6,914203.4700
2281,7,883183.7900
2281,8,913846.7400
2281,9,941495.5200
2282,3,910718.5100
2282,4,1005377.3300
2282,5,1048419.5600
2282,6,1018802.9800
2282,7,992869.0300
2282,8,1030337.1100
2282,9,1140672.2500
2614,3,592667.6700
2614,4,573510.9200
2614,5,575981.9500
2614,6,557541.1300
2614,7,539452.8800
2614,8,606404.9100
2614,9,612233.1500
2618,3,44633.8600
2618,4,45773.6200
2618,5,52045.4300
2618,6,55749.7000
2618,7,36937.6200
2618,8,45195.2600
2618,9,41842.2300
2619,3,123105.7100
2619,4,123697.9300
2619,5,111086.6500
2619,6,92061.6700
2619,7,125898.3500
2619,8,96408.9200
2619,9,98901.5000
2621,3,57423.5900
2621,4,85726.3500
2621,5,85502.6600
2621,6,65218.8600
2621,7,85750.9200
2621,8,80770.6300
2621,9,79721.9400
2627,3,569684.2000
2627,4,540305.4100
2627,5,476255.4800
2627,6,467303.6600
2627,7,407510.1400
2627,8,448653.5000
2627,9,427914.1200
2628,3,287157.5800
2628,4,288734.1800
2628,5,298390.5400
2628,6,281885.5600
2628,7,273029.3500
2628,8,273042.7700
2628,9,257926.3500
2629,3,1754989.6900
2629,4,1800137.7600
2629,5,1712423.9800
2629,6,1618129.8800
2629,7,1651964.2800
2629,8,1713466.3600
2629,9,1744218.6500
2642,3,347443.6400
2642,4,385866.8800
2642,5,387925.4900
2642,6,397251.6200
2642,7,423641.3800
2642,8,384350.4700
2642,9,384208.4100
2643,3,130837.8400
2643,4,140145.4300
2643,5,120863.0700
2643,6,130687.0400
2643,7,131513.3000
2643,8,166849.0900
2643,9,155911.9400
2644,3,995538.1300
2644,4,560533.8600
2644,5,796628.0000
2644,6,964528.6800
2644,7,971597.7300
2644,8,970401.6100
2644,9,1000269.8300
2645,3,273966.1400
2645,4,286780.6500
2645,5,303534.6500
2645,6,271990.5800
2645,7,306934.8600
2645,8,301912.2200
2645,9,286766.4600
2646,3,191553.6500
2646,4,202278.0000
2646,5,209453.2800
2646,6,194290.8200
2646,7,216673.1000
2646,8,213129.7300
2646,9,192175.8400
2647,3,250293.0100
2647,4,9635.3200
2647,5,181326.7800
2647,6,170780.8600
2647,7,219917.8000
2647,8,276197.4100
2647,9,255826.3700
2648,3,167349.9400
2648,4,178623.7800
2648,5,171924.3200
2648,6,164436.0100
2648,7,162378.8300
2648,8,177753.4300
2648,9,178412.0800
2649,3,302852.4300
2649,4,291335.5800
2649,5,274875.3900
2649,6,279840.4400
2649,7,318829.1500
2649,8,325216.9100
2649,9,317593.7800
2650,3,139314.3200
2650,4,158612.2000
2650,5,156681.6900
2650,6,141478.2300
2650,7,114974.7500
2650,8,125087.2000
2650,9,110055.9800
2651,3,133763.9700
2651,4,125797.0600
2651,5,126510.9700
2651,6,130621.0700
2651,7,120714.9400
2651,8,114602.6000
2651,9,115695.1500
2653,3,3581864.5100
2653,4,3637067.3600
2653,5,3267580.8700
2653,6,2878979.6000
2653,7,3421786.3300
2653,8,3306684.4200
2653,9,3127615.3700
2655,3,1457540.4200
2655,4,1592576.5800
2655,5,1819771.7800
2655,6,1893941.0900
2655,7,1655463.7900
2655,8,1234962.0500
2655,9,1656513.6600
2657,3,228033.4000
2657,4,297661.6900
2657,5,301948.3400
2657,6,265263.6600
2657,7,273739.6900
2657,8,279061.2100
2657,9,292138.5100
3211,3,1966237.1700
3211,4,1920655.6200
3211,5,1876845.7300
3211,6,1745770.5900
3211,7,1729888.1400
3211,8,1743410.5000
3211,9,1701737.8800
3212,3,2155267.3700
3212,4,2286667.8900
3212,5,2135147.4600
3212,6,1969135.4400
3212,7,1940968.5800
3212,8,2087869.6800
3212,9,2039774.1200
3213,3,3285355.9100
3213,4,3510665.5900
3213,5,3243577.2500
3213,6,2836432.9200
3213,7,3086505.7400
3213,8,3281245.6300
3213,9,3271430.6000
3214,3,1856089.4400
3214,4,1973800.5600
3214,5,1845156.5100
3214,6,1478525.8900
3214,7,1408690.0000
3214,8,1678541.8000
3214,9,1672417.5900
3215,3,1156722.9500
3215,4,1026586.6200
3215,5,1020275.4300
3215,6,790062.3800
3215,7,942024.4000
3215,8,983461.5200
3215,9,958708.6300
3216,3,552621.4300
3216,4,625818.8800
3216,5,610466.2700
3216,6,588611.0000
3216,7,424068.8600
3216,8,538620.9200
3216,9,549936.6200
3217,3,2060879.7500
3217,4,2072845.0500
3217,5,580320.4100
3217,6,1798753.9200
3217,7,2126020.6200
3217,8,2271129.2800
3217,9,2251220.2500
3219,3,350593.4300
3219,4,379195.9700
3219,5,388093.5000
3219,6,370498.6000
3219,7,253647.2200
3219,8,296907.0400
3219,9,311069.2400
3221,3,505208.4900
3221,4,548806.7700
3221,5,547391.3200
3221,6,501472.4700
3221,7,300947.7200
3221,8,393822.9300
3221,9,390808.3700
3223,3,1864027.6100
3223,4,1932512.1100
3223,5,1822723.3300
3223,6,1884033.9800
3223,7,1940764.5600
3223,8,2002625.5900
3223,9,1928640.5600
3225,3,749486.4000
3225,4,765941.3800
3225,5,689642.0900
3225,6,675920.6700
3225,7,696901.9900
3225,8,701973.0300
3225,9,715443.5200
3226,3,971412.5800
3226,4,941816.4900
3226,5,887522.5600
3226,6,963606.8700
3226,7,952948.3400
3226,8,928716.5000
3226,9,952089.4300
3229,3,215042.7000
3229,4,232977.6200
3229,5,228046.0200
3229,6,211330.9700
3229,7,234780.8600
3229,8,266935.1800
3229,9,240498.5800
4010,3,2887523.3700
4010,4,2945783.7300
4010,5,3172498.6400
4010,6,3077539.0800
4010,7,2959556.3200
4010,8,2589720.7300
4010,9,2951619.0800
4011,3,2421299.9000
4011,4,2717059.4700
4011,5,2563562.2200
4011,6,2541318.8000
4011,7,2617818.7200
4011,8,2204177.4400
4011,9,2590860.2900
4013,3,912401.6200
4013,4,961989.6300
4013,5,974053.5300
4013,6,945607.7500
4013,7,882633.4700
4013,8,869553.3400
4013,9,928671.3600
4016,3,1174111.8500
4016,4,1174361.8300
4016,5,1072111.9400
4016,6,1094747.4100
4016,7,1117242.1200
4016,8,1006278.1700
4016,9,1155879.1200
4017,3,1564311.5400
4017,4,1533420.6200
4017,5,1803921.6600
4017,6,1569828.7100
4017,7,1547899.6700
4017,8,1507228.3800
4017,9,1538934.0400
4030,3,518816.8500
4030,4,530482.5700
4030,5,523283.5100
4030,6,501141.7900
4030,7,502644.4400
4030,8,521946.3200
4030,9,564399.1600
4035,3,708616.0300
4035,4,754027.0700
4035,5,776082.6700
4035,6,685238.0600
4035,7,709762.8500
4035,8,710704.6600
4035,9,674082.5200
4037,3,2799722.3800
4037,4,2893876.0700
4037,5,2849218.6700
4037,6,2795767.1900
4037,7,2694007.6700
4037,8,2477589.5000
4037,9,2509201.3400
4040,3,2594219.1100
4040,4,2641309.7200
4040,5,2550046.3000
4040,6,2371346.1800
4040,7,2378004.2300
4040,8,2310626.2600
4040,9,2314891.9900
4041,3,2163290.8700
4041,4,2176820.1700
4041,5,2111252.0600
4041,6,2129129.3300
4041,7,2038535.1600
4041,8,2096217.6200
4041,9,2079464.5200
4046,3,2903401.0600
4046,4,2988935.6600
4046,5,2926769.5400
4046,6,2901078.7900
4046,7,2878309.1300
4046,8,2749331.6400
4046,9,2704248.9400
4049,3,2013315.4300
4049,4,2202374.7300
4049,5,2134752.1000
4049,6,1989271.5600
4049,7,1895085.8000
4049,8,1917330.3900
4049,9,1893341.4300
4051,3,2180585.9200
4051,4,2421816.7700
4051,5,2388516.2100
4051,6,2342290.5900
4051,7,2424508.2000
4051,8,2192984.3900
4051,9,2247472.7700
4061,3,4378578.9900
4061,4,4849832.5200
4061,5,4341242.6000
4061,6,4476782.0700
4061,7,4929864.8700
4061,8,4503799.7400
4061,9,4382278.1000
4062,3,3218690.8300
4062,4,3650651.1500
4062,5,3290840.0400
4062,6,3712476.5800
4062,7,3352834.9400
4062,8,3239584.0300
4062,9,3279092.0100
4063,3,2292850.1900
4063,4,2414598.7200
4063,5,2373061.5000
4063,6,2389264.3100
4063,7,2546324.0800
4063,8,2448237.9700
4063,9,2400454.1500
4064,3,1850040.3200
4064,4,1725781.1500
4064,5,1696070.5000
4064,6,1616888.6700
4064,7,1753443.6900
4064,8,1647829.2300
4064,9,1723184.3700
4066,3,1499589.4000
4066,4,1607833.7300
4066,5,1398909.7300
4066,6,1570244.7400
4066,7,1638254.0400
4066,8,1376833.5800
4066,9,1386512.4100
4078,3,498388.7900
4078,4,559058.5200
4078,5,521502.7300
4078,6,490019.7800
4078,7,526116.0000
4078,8,497560.2700
4078,9,527819.8100
4079,3,643877.3100
4079,4,701825.7700
4079,5,644803.6700
4079,6,580167.8800
4079,7,657143.7700
4079,8,627440.6200
4079,9,646646.4100
4081,3,368536.7500
4081,4,401433.2500
4081,5,309897.7000
4081,6,323095.3400
4081,7,348770.9400
4081,8,360539.4300
4081,9,358382.0900
4082,3,597775.2600
4082,4,639352.4400
4082,5,588258.1900
4082,6,599727.8600
4082,7,592766.8300
4082,8,572276.6300
4082,9,588618.9400
4084,3,184847.0400
4084,4,178820.5400
4084,5,154270.2700
4084,6,161367.0400
4084,7,157467.7400
4084,8,165612.3900
4084,9,169798.5400
4085,3,243007.4800
4085,4,272452.3400
4085,5,227996.9000
4085,6,243790.3000
4085,7,247966.8800
4085,8,236246.2100
4085,9,254100.0700
4086,3,345827.8900
4086,4,382566.0500
4086,5,328875.3400
4086,6,265125.5200
4086,7,314336.1800
4086,8,329907.7400
4086,9,330929.0200
4087,3,368329.7400
4087,4,375391.7900
4087,5,337193.6400
4087,6,366015.5100
4087,7,313005.6700
4087,8,303225.3000
4087,9,352421.9900
4089,3,185456.6900
4089,4,212677.7000
4089,5,162416.7700
4089,6,154768.3400
4089,7,155784.1100
4089,8,171534.9800
4089,9,180136.2200
4091,3,277366.1800
4091,4,267039.3500
4091,5,290807.7500
4091,6,230209.7000
4091,7,255587.4700
4091,8,221066.8000
4091,9,251499.3600
22090,3,314841.3100
22090,4,1854317.3000
22090,5,2281336.6200
22090,6,2237758.1500
22090,7,2264633.5000
22090,8,2341761.5300
22090,9,2209773.5800
22187,3,2464119.4900
22187,4,2609881.9500
22187,5,2588118.6100
22187,6,2397421.7000
22187,7,2328759.6100
22187,8,2398344.4500
22187,9,2350378.3200
22362,3,2468954.4900
22362,4,2442206.8900
22362,5,2474479.3100
22362,6,2370889.4600
22362,7,2263827.7800
22362,8,2158773.8600
22362,9,2211850.5000
22414,3,1035077.3700
22414,4,975660.6800
22414,5,959935.8300
22414,6,972383.5200
22414,7,929987.2900
22414,8,992101.9200
22414,9,985062.2100
22560,3,3229726.4400
22560,4,3208392.8400
22560,5,3253632.7800
22560,6,3185711.1300
22560,7,3196925.7300
22560,8,2965250.6300
22560,9,2153648.8200
23669,3,1332248.6600
23669,4,1299998.3400
23669,5,1094615.5700
23669,6,1035593.4400
23669,7,1256084.2000
23669,8,1206094.1900
23669,9,1137467.9900
23719,3,1521618.0200
23719,4,1427854.9400
23719,5,1290573.5200
23719,6,1253784.2600
23719,7,1424341.0900
23719,8,1375369.7300
23719,9,1276216.6100
23879,3,794734.6300
23879,4,776215.7600
23879,5,783630.9800
23879,6,782883.2300
23879,7,798916.9200
23879,8,816355.3300
23879,9,803728.8600
23899,3,1559880.7100
23899,4,1518515.2400
23899,5,1403339.2200
23899,6,1389390.6600
23899,7,1503230.5700
23899,8,1525805.1200
23899,9,1463146.7700
24049,3,1011115.8600
24049,4,935707.0000
24049,5,891907.8000
24049,6,835898.9200
24049,7,892965.4600
24049,8,880339.0700
24049,9,912100.7100
24539,3,952809.3900
24539,4,1011660.4200
24539,5,928022.9100
24539,6,908614.6900
24539,7,927267.5000
24539,8,883887.6100
24539,9,869119.5600
24669,3,1212169.5500
24669,4,1245005.9700
24669,5,1256272.9000
24669,6,1182650.7100
24669,7,1208310.8900
24669,8,1179148.9400
24669,9,1145287.4400
25699,3,648148.3700
25699,4,655311.1300
25699,5,653084.4100
25699,6,628809.2700
25699,7,650612.6100
25699,8,608245.6500
25699,9,665796.8700
25759,3,1698607.6900
25759,4,1703158.4600
25759,5,1692247.6500
25759,6,1702417.5000
25759,7,1768010.3100
25759,8,1113699.4700
25759,9,833309.3500